$ 1 0.0000049999999999999996 382.76258214399064 61 5 50 5e-11
156 1408 -864 1424 -864 2 0
156 1584 -864 1600 -864 2 0
156 1744 -864 1760 -864 2 0
156 1904 -864 1920 -864 2 0
w 1504 -832 1520 -832 0
w 1520 -832 1520 -768 0
w 1680 -832 1696 -832 0
w 1696 -832 1696 -768 0
w 1840 -832 1856 -832 0
w 1856 -832 1856 -768 0
w 2000 -832 2016 -832 0
w 2016 -832 2016 -768 0
w 1520 -768 1696 -768 0
w 1696 -768 1856 -768 0
w 1856 -768 2016 -768 0
w 1680 -864 1712 -864 0
w 1712 -864 1712 -832 0
w 1712 -832 1744 -832 0
w 1840 -864 1872 -864 0
w 1872 -864 1872 -832 0
w 1872 -832 1904 -832 0
w 1504 -864 1536 -864 0
w 1536 -832 1536 -304 0
w 1712 -832 1712 -720 0
w 1872 -832 1872 -336 0
w 2000 -864 2032 -864 0
w 2032 -864 2032 -720 0
w 1520 -688 1520 -672 0
w 1536 -832 1584 -832 0
w 1536 -864 1536 -832 0
w 1408 -656 1408 -624 0
w 1408 -720 1408 -688 0
w 2032 -720 2032 -624 0
w 1392 -864 1392 -800 0
w 1392 -800 1408 -800 0
w 1360 -864 1392 -864 0
w 1392 -864 1392 -896 0
w 1392 -896 1568 -896 0
w 1584 -896 1584 -864 0
w 1584 -896 1728 -896 0
w 1744 -896 1744 -864 0
w 1744 -896 1888 -896 0
w 1904 -896 1904 -864 0
w 1888 -896 1888 -800 0
w 1888 -800 1904 -800 0
w 1728 -896 1728 -800 0
w 1728 -800 1744 -800 0
w 1568 -896 1568 -800 0
w 1568 -800 1584 -800 0
w 1888 -896 1904 -896 0
w 1728 -896 1744 -896 0
w 1568 -896 1584 -896 0
150 1408 -672 1520 -672 0 2 0 5
R -1248 -992 -1328 -992 0 0 40 5 0 0 0.5
w 1408 -720 1712 -720 0
w 1408 -624 2032 -624 0
w 1712 -720 1712 -320 0
w 1296 -624 1296 -368 0
w 976 -752 976 -400 0
w 864 -624 1296 -624 0
w 864 -720 1136 -720 0
150 864 -672 960 -672 0 2 0 5
w 992 -896 1008 -896 0
w 1152 -896 1168 -896 0
w 832 -800 848 -800 0
w 832 -864 832 -800 0
w 992 -800 1008 -800 0
w 992 -896 992 -800 0
w 1152 -800 1168 -800 0
w 1152 -896 1152 -800 0
w 1168 -896 1168 -864 0
w 1008 -896 1152 -896 0
w 1008 -896 1008 -864 0
w 848 -896 992 -896 0
w 848 -896 848 -864 0
w 1296 -752 1296 -624 0
w 864 -720 864 -688 0
w 864 -656 864 -624 0
w 800 -832 848 -832 0
w 1296 -864 1296 -752 0
w 1264 -864 1296 -864 0
w 1136 -832 1136 -720 0
w 976 -832 976 -752 0
w 1136 -832 1168 -832 0
w 1136 -864 1136 -832 0
w 1104 -864 1136 -864 0
w 976 -832 1008 -832 0
w 976 -864 976 -832 0
w 944 -864 976 -864 0
w 1120 -768 1280 -768 0
w 960 -768 1120 -768 0
w 1280 -832 1280 -768 0
w 1264 -832 1280 -832 0
w 1120 -832 1120 -768 0
w 1104 -832 1120 -832 0
w 960 -832 960 -768 0
w 944 -832 960 -832 0
156 1168 -864 1184 -864 2 0
156 1008 -864 1024 -864 2 0
156 848 -864 864 -864 2 0
w 832 -864 848 -864 0
w 960 -688 960 -672 0
w 1136 -720 1136 -384 0
w 2032 -864 2032 -928 0
w 2032 -928 800 -928 0
w 800 -928 800 -832 0
w 2032 -624 2032 -352 0
w 1392 -896 1392 -912 0
w 1392 -912 848 -912 0
w 848 -912 848 -896 0
w -464 -912 -464 -896 0
w 80 -912 -464 -912 0
w 80 -896 80 -912 0
w -512 -928 -512 -832 0
w 720 -928 -512 -928 0
w 720 -864 720 -928 0
w -176 -720 -176 -384 0
w -192 -768 -192 -672 0
w -480 -864 -464 -864 0
156 -464 -864 -448 -864 2 0
156 -304 -864 -288 -864 2 0
156 -144 -864 -128 -864 2 0
w -368 -832 -352 -832 0
w -352 -832 -352 -768 0
w -208 -832 -192 -832 0
w -192 -832 -192 -768 0
w -48 -832 -32 -832 0
w -32 -832 -32 -768 0
w -352 -768 -192 -768 0
w -192 -768 -32 -768 0
w -368 -864 -336 -864 0
w -336 -864 -336 -832 0
w -336 -832 -304 -832 0
w -208 -864 -176 -864 0
w -176 -864 -176 -832 0
w -176 -832 -144 -832 0
w -336 -832 -336 -720 0
w -176 -832 -176 -720 0
w -48 -864 -16 -864 0
w -16 -864 -16 -752 0
w -512 -832 -464 -832 0
w -448 -656 -448 -624 0
w -448 -720 -448 -688 0
w -16 -752 -16 -624 0
w -464 -896 -464 -864 0
w -464 -896 -320 -896 0
w -304 -896 -304 -864 0
w -304 -896 -160 -896 0
w -144 -896 -144 -864 0
w -160 -896 -160 -800 0
w -160 -800 -144 -800 0
w -320 -896 -320 -800 0
w -320 -800 -304 -800 0
w -480 -864 -480 -800 0
w -480 -800 -464 -800 0
w -160 -896 -144 -896 0
w -320 -896 -304 -896 0
150 -448 -672 -352 -672 0 2 0 5
w -448 -720 -176 -720 0
w -448 -624 -16 -624 0
w -336 -720 -336 -368 0
w -16 -624 -16 -400 0
w 720 -624 720 -464 0
w 96 -624 720 -624 0
w 96 -720 400 -720 0
150 96 -672 208 -672 0 2 0 5
w 256 -896 272 -896 0
w 416 -896 432 -896 0
w 576 -896 592 -896 0
w 256 -800 272 -800 0
w 256 -896 256 -800 0
w 416 -800 432 -800 0
w 416 -896 416 -800 0
w 576 -800 592 -800 0
w 576 -896 576 -800 0
w 592 -896 592 -864 0
w 432 -896 576 -896 0
w 432 -896 432 -864 0
w 272 -896 416 -896 0
w 272 -896 272 -864 0
w 80 -896 256 -896 0
w 80 -864 80 -896 0
w 80 -800 96 -800 0
w 80 -864 80 -800 0
w 720 -720 720 -624 0
w 96 -720 96 -688 0
w 96 -656 96 -624 0
w 224 -864 224 -832 0
w 224 -832 272 -832 0
w 720 -864 720 -720 0
w 688 -864 720 -864 0
w 560 -832 560 -592 0
w 400 -832 400 -720 0
w 192 -864 224 -864 0
w 560 -832 592 -832 0
w 560 -864 560 -832 0
w 528 -864 560 -864 0
w 400 -832 432 -832 0
w 400 -864 400 -832 0
w 368 -864 400 -864 0
w 544 -768 704 -768 0
w 384 -768 544 -768 0
w 208 -768 384 -768 0
w 704 -832 704 -768 0
w 688 -832 704 -832 0
w 544 -832 544 -768 0
w 528 -832 544 -832 0
w 384 -832 384 -768 0
w 368 -832 384 -832 0
w 208 -832 208 -768 0
w 192 -832 208 -832 0
156 592 -864 608 -864 2 0
156 432 -864 448 -864 2 0
156 272 -864 288 -864 2 0
156 96 -864 112 -864 2 0
w 1296 -752 48 -752 0
w 48 -752 48 -832 0
w 48 -832 96 -832 0
x 714 -4 818 -1 4 24 segundos
419 656 32 704 32 0 4
419 752 32 800 32 1024 4
w 880 32 896 32 0
w 896 32 896 -16 0
w 656 32 640 32 0
w 880 64 912 64 0
w 912 64 912 -16 0
w 656 64 624 64 0
w 624 64 624 -16 0
w 880 96 928 96 0
w 928 96 928 -16 0
w 656 96 608 96 0
w 608 96 608 -16 0
w 880 128 944 128 0
w 944 128 944 -16 0
w 656 128 592 128 0
w 592 128 592 -16 0
w 224 128 224 -16 0
w 288 128 224 128 0
w 512 128 576 128 0
w 240 96 240 -16 0
w 288 96 240 96 0
w 512 96 560 96 0
w 256 64 256 -16 0
w 288 64 256 64 0
w 512 64 544 64 0
w 288 32 272 32 0
w 512 32 528 32 0
419 384 32 432 32 1024 4
419 288 32 336 32 0 4
x 346 -4 430 -1 4 24 minutos
w -144 128 -144 -16 0
w -80 128 -144 128 0
w 208 128 208 -16 0
w 144 128 208 128 0
w -128 96 -128 -16 0
w -80 96 -128 96 0
w 192 96 192 -16 0
w 144 96 192 96 0
w -112 64 -112 -16 0
w -80 64 -112 64 0
w 176 64 176 -16 0
w 144 64 176 64 0
w -80 32 -96 32 0
w 160 32 160 -16 0
w 144 32 160 32 0
419 16 32 64 32 1024 4
419 -80 32 -32 32 0 4
x -22 -4 38 -1 4 24 horas
w 944 -16 944 -304 0
w 944 -304 1536 -304 0
w 928 -16 928 -320 0
w 928 -320 1712 -320 0
w 912 -16 912 -336 0
w 912 -336 1872 -336 0
w 896 -16 896 -352 0
w 896 -352 2032 -352 0
w 624 -16 624 -368 0
w 624 -368 1296 -368 0
w 608 -16 608 -384 0
w 608 -384 1136 -384 0
w 592 -16 592 -400 0
w 592 -400 976 -400 0
w 576 -416 224 -416 0
w 560 -432 400 -432 0
w 400 -720 400 -432 0
w 544 -448 560 -448 0
w 560 -448 560 -592 0
w 528 -464 720 -464 0
w 224 -832 224 -416 0
w 576 128 576 -416 0
w 560 96 560 -432 0
w 544 64 544 -448 0
w 528 32 528 -464 0
w 224 -16 224 -368 0
w 224 -368 -336 -368 0
w 240 -16 240 -384 0
w 240 -384 -176 -384 0
w 256 -16 256 -400 0
w 256 -400 -16 -400 0
w -1760 -912 -1760 -896 0
w -1216 -912 -1760 -912 0
w -1216 -896 -1216 -912 0
w -1472 -592 -1472 -336 0
w -1632 -592 -1632 -352 0
w -576 -608 -576 -288 0
w -736 -592 -736 -336 0
w -896 -592 -896 -304 0
w -1808 -928 -1808 -832 0
w -576 -928 -1808 -928 0
w -576 -864 -576 -928 0
w -1472 -720 -1472 -592 0
w -1648 -688 -1648 -672 0
w -1776 -864 -1760 -864 0
156 -1760 -864 -1744 -864 2 0
156 -1600 -864 -1584 -864 2 0
156 -1440 -864 -1424 -864 2 0
w -1664 -832 -1648 -832 0
w -1648 -832 -1648 -768 0
w -1504 -832 -1488 -832 0
w -1488 -832 -1488 -768 0
w -1344 -832 -1328 -832 0
w -1328 -832 -1328 -768 0
w -1488 -768 -1328 -768 0
w -1664 -864 -1632 -864 0
w -1632 -864 -1632 -832 0
w -1632 -832 -1600 -832 0
w -1504 -864 -1472 -864 0
w -1472 -864 -1472 -832 0
w -1472 -832 -1440 -832 0
w -1632 -832 -1632 -752 0
w -1472 -832 -1472 -720 0
w -1344 -864 -1312 -864 0
w -1312 -864 -1312 -752 0
w -1808 -832 -1760 -832 0
w -1744 -656 -1744 -608 0
w -1744 -720 -1744 -688 0
w -1312 -752 -1312 -608 0
w -1760 -896 -1760 -864 0
w -1760 -896 -1616 -896 0
w -1600 -896 -1600 -864 0
w -1600 -896 -1456 -896 0
w -1440 -896 -1440 -864 0
w -1456 -896 -1456 -800 0
w -1456 -800 -1440 -800 0
w -1616 -896 -1616 -800 0
w -1616 -800 -1600 -800 0
w -1776 -864 -1776 -800 0
w -1776 -800 -1760 -800 0
w -1456 -896 -1440 -896 0
w -1616 -896 -1600 -896 0
150 -1744 -672 -1648 -672 0 2 0 5
w -1744 -720 -1472 -720 0
w -1744 -608 -1312 -608 0
w -1632 -752 -1632 -592 0
w -1312 -608 -1312 -192 0
w -576 -624 -576 -608 0
w -896 -720 -896 -592 0
w -1200 -608 -576 -608 0
w -1200 -720 -896 -720 0
150 -1200 -672 -1088 -672 0 2 0 5
w -1040 -896 -1024 -896 0
w -880 -896 -864 -896 0
w -720 -896 -704 -896 0
w -1040 -800 -1024 -800 0
w -1040 -896 -1040 -800 0
w -880 -800 -864 -800 0
w -880 -896 -880 -800 0
w -720 -800 -704 -800 0
w -720 -896 -720 -800 0
w -704 -896 -704 -864 0
w -864 -896 -720 -896 0
w -864 -896 -864 -864 0
w -1024 -896 -880 -896 0
w -1024 -896 -1024 -864 0
w -1216 -896 -1040 -896 0
w -1216 -864 -1216 -896 0
w -1216 -800 -1200 -800 0
w -1216 -864 -1216 -800 0
w -576 -720 -576 -624 0
w -1200 -720 -1200 -688 0
w -1200 -656 -1200 -608 0
w -1072 -864 -1072 -832 0
w -1072 -832 -1024 -832 0
w -1088 -688 -1088 -672 0
w -576 -864 -576 -720 0
w -608 -864 -576 -864 0
w -736 -832 -736 -592 0
w -896 -832 -896 -720 0
w -1072 -832 -1072 -352 0
w -1104 -864 -1072 -864 0
w -736 -832 -704 -832 0
w -736 -864 -736 -832 0
w -768 -864 -736 -864 0
w -896 -832 -864 -832 0
w -896 -864 -896 -832 0
w -928 -864 -896 -864 0
w -752 -768 -592 -768 0
w -912 -768 -768 -768 0
w -1088 -768 -944 -768 0
w -592 -832 -592 -768 0
w -608 -832 -592 -832 0
w -752 -832 -752 -768 0
w -768 -832 -752 -832 0
w -912 -832 -912 -768 0
w -928 -832 -912 -832 0
w -1088 -832 -1088 -768 0
w -1104 -832 -1088 -832 0
156 -704 -864 -688 -864 2 0
156 -864 -864 -848 -864 2 0
156 -1024 -864 -1008 -864 2 0
156 -1200 -864 -1184 -864 2 0
152 -1024 -672 -944 -672 0 2 0 5
w -1088 -688 -1024 -688 0
w -768 -672 -768 -768 0
w -944 -768 -912 -768 0
152 -1584 -672 -1504 -672 0 2 0 5
w -1648 -688 -1584 -688 0
w -1328 -672 -1328 -768 0
w -1504 -768 -1488 -768 0
150 -1264 -352 -1264 -448 0 3 0 5
w -1248 -624 -1040 -624 0
w -1040 -624 -1040 -656 0
w -1040 -656 -1024 -656 0
w -1280 -624 -1600 -624 0
w -1600 -656 -1600 -624 0
w -1248 -624 -1280 -624 0
w -1600 -656 -1584 -656 0
150 -1152 -352 -1152 -448 0 3 0 5
184 -1264 -512 -1232 -512 0 1
w -1168 -512 -1168 -592 0
w -1168 -592 -1248 -592 0
w -1248 -592 -1248 -624 0
w -1136 -352 -1072 -352 0
w -1152 -352 -1152 -336 0
w -1152 -336 -736 -336 0
w -1168 -352 -1168 -336 0
w -1168 -336 -1472 -336 0
w -1248 -352 -1248 -320 0
w -1248 -320 -1072 -320 0
w -1264 -352 -1264 -304 0
w -1264 -304 -896 -304 0
w -1280 -352 -1632 -352 0
w -1472 -336 -1472 -208 0
w -1632 -352 -1632 -224 0
w -1072 -352 -1072 -320 0
w -736 -336 -736 -272 0
w -896 -304 -896 -256 0
w -1264 -752 -1264 -832 0
w -16 -752 -1264 -752 0
w -1264 -832 -1200 -832 0
w -1072 -240 -1072 -320 0
w -144 -16 -144 -224 0
w -144 -224 -1632 -224 0
w -128 -16 -128 -208 0
w -128 -208 -1472 -208 0
w -112 -16 -112 -192 0
w -112 -192 -1312 -192 0
w 160 -16 160 -288 0
w 208 -240 -1072 -240 0
w 176 -16 176 -272 0
w 192 -256 -896 -256 0
w 192 -16 192 -256 0
w 176 -272 -736 -272 0
w 208 -16 208 -240 0
w 160 -288 -576 -288 0
w -1200 -416 -1200 272 0
w -1200 272 -128 272 0
L -128 272 -32 272 2 0 false 5 0
w 1360 -864 1360 -992 0
w 48 -864 48 -992 0
w 48 -864 80 -864 0
w -1248 -864 -1248 -992 0
w -1248 -864 -1216 -864 0
w -1248 -992 48 -992 0
w 48 -992 1360 -992 0
w 1392 -864 1408 -864 0
w 80 -864 96 -864 0
w -1216 -864 -1200 -864 0
x -105 232 32 235 4 16 0\s\q\sformato\sde\s12H
x -105 252 32 255 4 16 1\s\q\sformato\sde\s24H
L -128 352 -32 352 2 0 false 5 0
w -1504 -768 -1648 -768 0
w -1504 -672 -1504 -688 0
w -1504 -688 -1424 -688 0
w -944 -672 -944 -688 0
w -944 -688 -864 -688 0
w -768 -768 -752 -768 0
w -352 -672 -352 -688 0
w -352 -688 -288 -688 0
w 224 -688 288 -688 0
w 384 -768 384 -672 0
w 208 -672 208 -688 0
w 208 -688 224 -688 0
152 -1424 -672 -1328 -672 0 2 0 5
152 -864 -672 -768 -672 0 2 0 5
152 -288 -672 -192 -672 0 2 0 5
152 288 -672 384 -672 0 2 0 5
152 1024 -672 1120 -672 0 2 0 5
w 1120 -768 1120 -672 0
w 960 -688 1024 -688 0
152 1600 -672 1696 -672 0 2 0 5
w 1696 -768 1696 -672 0
w 1520 -688 1600 -688 0
w -288 -656 -288 -576 0
w -864 -576 -1424 -576 0
w -1152 -448 -1152 -544 0
w -1152 -544 -1280 -544 0
w -1280 -544 -1280 -480 0
w -864 -656 -864 -576 0
w -1424 -656 -1424 -576 0
w -288 -576 288 -576 0
w 288 -656 288 -576 0
w 288 -576 1024 -576 0
w 1024 -656 1024 -576 0
w 1024 -576 1600 -576 0
w 1600 -656 1600 -576 0
w -864 -576 -288 -576 0
w -1424 -576 -1664 -576 0
w -1664 -576 -1664 352 0
w -1664 352 -128 352 0
w -1264 -448 -1264 -512 0
w -1280 -480 -1264 -480 0
x -55 336 -17 339 4 16 clean
w 1408 -832 1344 -832 0
w 1344 -832 1344 -960 0
w 1344 -960 -1280 -960 0
x -1775 -1144 -1206 -1141 4 42 Relógio\sDigital\s-\sPedro\sManoel
R -1280 -960 -1328 -960 1 2 200 2.5 2.5 0 0.5
