$ 1 0.000005 0.00930144892106635 30 5 50 5e-11
x 62 -141 269 -138 4 16 circuito\ssomador\sserial\smealy
155 464 16 528 -32 2 0
M 512 -64 560 -64 0 2.5
x 548 -81 580 -78 4 16 Sum
x 196 -82 206 -79 4 16 A
L 256 -64 208 -64 0 0 false 5 0
w 592 16 560 16 0
196 272 -48 288 -48 2 1
w 368 -48 464 -48 0
w 592 16 592 128 0
w 592 128 272 128 0
w 272 16 272 128 0
L 256 0 208 0 0 1 false 5 0
x 196 -18 206 -15 4 16 B
w 256 -64 272 -64 0
w 272 -64 272 -48 0
w 256 0 272 0 0
w 272 0 272 -16 0
x 196 62 207 65 4 16 R
L 464 80 208 80 0 0 false 5 0
w 336 192 336 48 0
w 336 48 464 48 0
w 464 -48 464 16 0
w 512 -64 384 -64 0
w 384 -64 384 16 0
w 384 16 368 16 0
w 208 240 208 192 0
w 592 240 208 240 0
w 592 192 592 240 0
. inv 0 3 1 2 A 3 0 2 inv\sY 4 0 3 GroundElm\s1\rRailElm\s2\rMosfetElm\s3\s1\s4\rMosfetElm\s3\s4\s2\rCapacitorElm\s3\s5\rGroundElm\s5 0\\s0\s0\\s0\\s40\\s3\\s0\\s0\\s0.5\s52\\s1.5\\s0.000001\s53\\s1.5\\s0.000001\s0\\s1e-12\\s1.4654278704104322\\s0.001\s0\\s0
410 464 192 512 256 1 inv 1\s0 0\s0\s40\s3\s0\s0\s0.5 52\s1.5\s0.000001 53\s1.5\s0.000001 0\s1e-12\s2.040310780331724\s0.001 1\s0
410 336 192 384 256 1 inv 1\s0 0\s0\s40\s3\s0\s0\s0.5 52\s1.5\s0.000001 53\s1.5\s0.000001 0\s1e-12\s0.3971412386246481\s0.001 1\s0
410 208 192 256 256 1 inv 1\s0 0\s0\s40\s3\s0\s0\s0.5 52\s1.5\s0.000001 53\s1.5\s0.000001 0\s1e-12\s3.931588305541382\s0.001 1\s0
x 332 208 340 211 4 12 X
x 460 208 468 211 4 12 Y
x 587 188 594 191 4 12 Z
