$ 1 0.000005 0.010109782498721881 8 5 50 5e-11
x -2 -125 339 -122 4 16 circuito\scom\s1\sflip-flop\susando\soscilador\sem\sanel
w 208 176 208 128 0
w 336 32 352 32 0
w 336 128 336 32 0
w 336 0 352 0 0
w 336 -48 336 0 0
w 512 -48 336 -48 0
w 512 64 512 -48 0
w 448 64 512 64 0
155 352 0 416 -48 0 0
w 592 176 208 176 0
w 592 128 592 176 0
. inv 0 3 1 2 A 3 0 2 inv\sY 4 0 3 GroundElm\s1\rRailElm\s2\rMosfetElm\s3\s1\s4\rMosfetElm\s3\s4\s2\rCapacitorElm\s3\s5\rGroundElm\s5 0\\s0\s0\\s0\\s40\\s3\\s0\\s0\\s0.5\s52\\s1.5\\s0.000001\s53\\s1.5\\s0.000001\s0\\s1e-12\\s1.4654278704104322\\s0.001\s0\\s0
410 464 128 512 192 1 inv 1\s0 0\s0\s40\s3\s0\s0\s0.5 52\s1.5\s0.000001 53\s1.5\s0.000001 0\s1e-12\s3.2167297752856765\s0.001 1\s0
410 336 128 384 192 1 inv 1\s0 0\s0\s40\s3\s0\s0\s0.5 52\s1.5\s0.000001 53\s1.5\s0.000001 0\s1e-12\s0.16813384133721426\s0.001 1\s0
410 208 128 256 192 1 inv 1\s0 0\s0\s40\s3\s0\s0\s0.5 52\s1.5\s0.000001 53\s1.5\s0.000001 0\s1e-12\s0.7371479240022231\s0.001 1\s0
M 448 0 480 0 0 2.5
x 332 144 340 147 4 12 X
x 460 144 468 147 4 12 Y
x 587 124 594 127 4 12 Z
