$ 1 0.000005 0.010109782498721881 8 5 50 5e-11
x -238 -195 103 -192 4 16 circuito\scom\s2\sflip-flop\susando\soscilador\sem\sanel
w -64 224 -64 176 0
w 64 80 80 80 0
w 64 176 64 80 0
w 64 48 80 48 0
w 240 112 240 0 0
w 176 112 240 112 0
155 80 48 144 0 0 0
w 320 224 -64 224 0
w 320 176 320 224 0
. inv 0 3 1 2 A 3 0 2 inv\sY 4 0 3 GroundElm\s1\rRailElm\s2\rMosfetElm\s3\s1\s4\rMosfetElm\s3\s4\s2\rCapacitorElm\s3\s5\rGroundElm\s5 0\\s0\s0\\s0\\s40\\s3\\s0\\s0\\s0.5\s52\\s1.5\\s0.000001\s53\\s1.5\\s0.000001\s0\\s1e-12\\s1.4654278704104322\\s0.001\s0\\s0
410 192 176 240 240 1 inv 1\s0 0\s0\s40\s3\s0\s0\s0.5 52\s1.5\s0.000001 53\s1.5\s0.000001 0\s1e-12\s3.0438709817159983\s0.001 1\s0
410 64 176 112 240 1 inv 1\s0 0\s0\s40\s3\s0\s0\s0.5 52\s1.5\s0.000001 53\s1.5\s0.000001 0\s1e-12\s-1.0397039978625626\s0.001 1\s0
410 -64 176 -16 240 1 inv 1\s0 0\s0\s40\s3\s0\s0\s0.5 52\s1.5\s0.000001 53\s1.5\s0.000001 0\s1e-12\s0.8926629129414959\s0.001 1\s0
M 176 48 208 48 0 2.5
x 60 192 68 195 4 12 X
x 188 192 196 195 4 12 Y
x 315 172 322 175 4 12 Z
155 64 -144 128 -192 0 5
w 48 -144 64 -144 0
w 48 -32 48 -112 0
w 48 -112 64 -112 0
w 48 -32 48 80 0
w 48 80 64 80 0
w 240 0 32 0 0
w 32 0 32 -144 0
w 32 -144 48 -144 0
w 160 -144 224 -144 0
w 224 -144 224 -48 0
w 224 -48 64 -48 0
w 64 -48 64 48 0
M 160 -80 192 -80 0 2.5
