$ 1 0.000005 0.010109782498721881 8 5 50 5e-11
x -110 -205 282 -202 4 16 circuito\sflip-flop\smestre\sescravo\stipo\sD\susando\soscilador
w 208 176 208 128 0
w 336 128 336 32 0
155 416 -96 480 -144 0 0
w 592 176 208 176 0
w 592 128 592 176 0
. inv 0 3 1 2 A 3 0 2 inv\sY 4 0 3 GroundElm\s1\rRailElm\s2\rMosfetElm\s3\s1\s4\rMosfetElm\s3\s4\s2\rCapacitorElm\s3\s5\rGroundElm\s5 0\\s0\s0\\s0\\s40\\s3\\s0\\s0\\s0.5\s52\\s1.5\\s0.000001\s53\\s1.5\\s0.000001\s0\\s1e-12\\s1.4654278704104322\\s0.001\s0\\s0
410 464 128 512 192 1 inv 1\s0 0\s0\s40\s3\s0\s0\s0.5 52\s1.5\s0.000001 53\s1.5\s0.000001 0\s1e-12\s1.4514933391590277\s0.001 1\s0
410 336 128 384 192 1 inv 1\s0 0\s0\s40\s3\s0\s0\s0.5 52\s1.5\s0.000001 53\s1.5\s0.000001 0\s1e-12\s2.4551501785755723\s0.001 1\s0
410 208 128 256 192 1 inv 1\s0 0\s0\s40\s3\s0\s0\s0.5 52\s1.5\s0.000001 53\s1.5\s0.000001 0\s1e-12\s-0.7758430160304702\s0.001 1\s0
x 332 144 340 147 4 12 X
x 460 144 468 147 4 12 Y
x 587 124 594 127 4 12 Z
155 160 -96 224 -144 0 0
w 256 -96 416 -96 0
w 160 -64 160 0 0
w 160 0 336 0 0
w 336 0 336 32 0
I 352 0 416 0 0 0.5 5
w 336 0 352 0 0
w 416 -64 416 0 0
x 170 -131 243 -128 4 24 master
x 426 -126 510 -123 4 24 slave
x 564 -113 576 -110 4 16 Q
M 512 -96 576 -96 0 2.5
x 564 -49 576 -46 6 16 Q
M 512 -32 576 -32 0 2.5
x 525 -105 545 -102 4 16 Qs
x 266 -104 291 -101 4 16 Qm
x 84 -114 95 -111 4 16 D
L 160 -96 96 -96 0 0 false 5 0
