$ 1 0.000005 12.050203812241895 62 5 50 5e-11
x 119 -302 374 -299 4 16 circuito\scom\s4\sflip-flop\s\p\sporta\slógica
R 96 256 32 256 1 2 100 2.5 2.5 0 0.5
w 96 256 96 128 0
w 96 0 96 128 0
w 128 0 96 0 0
w 96 128 128 128 0
w 96 -128 128 -128 0
w 128 -256 128 -160 0
w 352 -208 256 -208 0
w 352 -144 352 -208 0
w 368 -32 368 96 0
w 272 -32 336 -32 0
151 352 -32 352 -144 0 2 0 5
w 272 96 368 96 0
w 128 64 128 96 0
w 272 64 128 64 0
w 272 -32 272 64 0
w 224 -32 272 -32 0
w 128 -64 128 -32 0
w 272 -64 128 -64 0
w 272 -160 272 -64 0
w 224 -160 272 -160 0
155 128 96 192 48 0 5
w 96 -128 96 0 0
155 128 -160 192 -208 0 5
155 128 -32 192 -80 0 5
155 128 224 192 176 0 0
w 96 256 128 256 0
w 272 96 272 192 0
w 272 192 128 192 0
w 128 192 128 224 0
M 448 224 496 224 0 2.5
w 224 96 272 96 0
151 432 96 432 -16 0 2 5 5
w 368 96 416 96 0
w 224 224 448 224 0
w 448 96 448 224 0
w 432 -16 432 -272 0
w 256 -240 256 -208 0
w 256 -272 432 -272 0
152 256 -256 128 -256 0 2 5 5
