$ 1 0.000005 0.010109782498721881 30 5 50 5e-11
x 587 284 594 287 4 12 Z
x 460 304 468 307 4 12 Y
x 332 304 340 307 4 12 X
. inv 0 3 1 2 A 3 0 2 inv\sY 4 0 3 GroundElm\s1\rRailElm\s2\rMosfetElm\s3\s1\s4\rMosfetElm\s3\s4\s2\rCapacitorElm\s3\s5\rGroundElm\s5 0\\s0\s0\\s0\\s40\\s3\\s0\\s0\\s0.5\s52\\s1.5\\s0.000001\s53\\s1.5\\s0.000001\s0\\s1e-12\\s1.4654278704104322\\s0.001\s0\\s0
410 208 288 256 352 1 inv 1\s0 0\s0\s40\s3\s0\s0\s0.5 52\s1.5\s0.000001 53\s1.5\s0.000001 0\s1e-12\s2.2902973521107914\s0.001 1\s0
410 336 288 384 352 1 inv 1\s0 0\s0\s40\s3\s0\s0\s0.5 52\s1.5\s0.000001 53\s1.5\s0.000001 0\s1e-12\s2.517488131320043\s0.001 1\s0
410 464 288 512 352 1 inv 1\s0 0\s0\s40\s3\s0\s0\s0.5 52\s1.5\s0.000001 53\s1.5\s0.000001 0\s1e-12\s-0.29162562585044643\s0.001 1\s0
w 592 288 592 336 0
w 592 336 208 336 0
w 336 288 336 80 0
w 208 336 208 288 0
x 62 -141 463 -138 4 16 circuito\sflip-flop\stipo\sJK\susando\sflip-flop\stipo\sD\se\soscilador
155 464 16 528 -32 8 5
M 576 16 624 16 0 2.5
x 612 -1 624 2 4 16 Q
x 612 63 624 66 6 16 Q
M 560 80 624 80 0 2.5
150 192 -48 288 -48 0 2 0 5
150 192 80 288 80 0 2 0 5
152 304 16 400 16 0 2 0 5
w 400 16 464 16 0
w 288 -48 288 0 0
w 288 0 304 0 0
w 288 80 288 32 0
w 288 32 304 32 0
w 560 80 560 -112 0
w 560 -112 192 -112 0
w 192 -112 192 -64 0
w 576 208 576 16 0
w 576 208 192 208 0
w 192 96 192 208 0
w 192 -32 128 -32 0
L 64 64 32 64 0 1 false 5 0
x 20 46 30 49 4 16 K
w 128 64 192 64 0
w 336 80 464 80 0
w 464 80 464 48 0
I 64 64 128 64 0 0.5 5
x 20 -50 28 -47 4 16 J
L 128 -32 32 -32 0 1 false 5 0
w 576 16 560 16 0
