$ 1 0.000005 0.0129812176855438 8 5 50 5e-11
x -142 -221 300 -218 4 16 circuito\scom\s3\sflip-flop\s\p\sporta\slógica\susando\soscilador\sem\sanel
w -48 320 -48 272 0
w 80 272 80 240 0
155 112 0 176 -48 0 0
w 336 320 -48 320 0
w 336 272 336 320 0
. inv 0 3 1 2 A 3 0 2 inv\sY 4 0 3 GroundElm\s1\rRailElm\s2\rMosfetElm\s3\s1\s4\rMosfetElm\s3\s4\s2\rCapacitorElm\s3\s5\rGroundElm\s5 0\\s0\s0\\s0\\s40\\s3\\s0\\s0\\s0.5\s52\\s1.5\\s0.000001\s53\\s1.5\\s0.000001\s0\\s1e-12\\s1.4654278704104322\\s0.001\s0\\s0
410 208 272 256 336 1 inv 1\s0 0\s0\s40\s3\s0\s0\s0.5 52\s1.5\s0.000001 53\s1.5\s0.000001 0\s1e-12\s0.6598052390510326\s0.001 1\s0
410 80 272 128 336 1 inv 1\s0 0\s0\s40\s3\s0\s0\s0.5 52\s1.5\s0.000001 53\s1.5\s0.000001 0\s1e-12\s3.4162405918182195\s0.001 1\s0
410 -48 272 0 336 1 inv 1\s0 0\s0\s40\s3\s0\s0\s0.5 52\s1.5\s0.000001 53\s1.5\s0.000001 0\s1e-12\s0.8691388427877704\s0.001 1\s0
x 76 288 84 291 4 12 X
x 204 288 212 291 4 12 Y
x 331 268 338 271 4 12 Z
155 112 -128 176 -176 0 0
w 80 -96 80 32 0
155 112 128 176 80 0 5
w 208 -128 256 -128 0
w 256 -128 256 -32 0
w 256 -32 112 -32 0
w 112 -32 112 0 0
w 208 0 256 0 0
w 256 0 256 96 0
w 256 96 112 96 0
w 112 96 112 128 0
w 208 128 352 128 0
151 336 0 336 -112 0 2 5 5
w 256 0 320 0 0
w 352 0 352 128 0
w 336 -112 336 -176 0
w 336 -176 112 -176 0
w 112 -176 112 -128 0
w 80 -96 112 -96 0
w 80 160 112 160 0
w 112 32 80 32 0
w 80 32 80 160 0
w 80 240 80 160 0
w 352 128 400 128 0
M 400 128 432 128 0 2.5
