$ 1 0.000005 3.9121283998153213 50 5 50 5e-11
155 -624 64 -608 64 2 5
155 -480 64 -464 64 2 0
155 -336 64 -320 64 2 0
155 -192 64 -176 64 2 5
R -672 208 -704 208 1 2 200 2.5 2.5 0 0.5
w -672 208 -672 96 0
w -672 96 -624 96 0
w -672 208 -496 208 0
w -496 208 -496 96 0
w -496 96 -480 96 0
w -624 128 -624 192 0
w -480 128 -480 192 0
w -496 208 -352 208 0
w -352 208 -352 96 0
w -352 96 -336 96 0
w -352 208 -208 208 0
w -208 208 -208 96 0
w -208 96 -192 96 0
w -336 128 -336 192 0
w -192 128 -192 192 0
154 -192 -32 -192 64 0 2 5 5
154 -336 -32 -336 64 0 2 0 5
w -528 64 -512 64 0
w -512 64 -512 368 0
w -368 64 -368 336 0
w -384 64 -368 64 0
w -224 64 -224 368 0
w -240 64 -224 64 0
w -80 64 -80 320 0
w -96 64 -80 64 0
M -32 384 16 384 2 2.5
150 -624 320 -624 224 0 2 0 5
w -608 320 -80 320 0
w -640 320 -640 336 0
w -640 336 -368 336 0
w -80 320 -80 384 0
w -368 336 -368 368 0
150 -208 -144 -208 -48 0 2 0 5
w -96 64 -96 -32 0
w -176 -32 -96 -32 0
w -240 64 -240 -32 0
w -256 -32 -320 -32 0
150 -352 -144 -352 -48 0 2 0 5
w -256 -32 -256 -144 0
w -256 -144 -224 -144 0
w -256 -32 -240 -32 0
w -528 -32 -528 -144 0
w -528 -144 -368 -144 0
w -352 -48 -272 -48 0
w -272 -48 -272 -160 0
w -272 -160 -192 -160 0
w -192 -160 -192 -144 0
w -352 -48 -352 -32 0
w -208 -48 -208 -32 0
154 -480 -32 -480 64 0 2 5 5
w -496 -32 -528 -32 0
w -384 64 -384 -32 0
w -416 -32 -464 -32 0
w -416 -32 -416 -160 0
w -416 -160 -336 -160 0
w -336 -160 -336 -144 0
w -384 -32 -416 -32 0
w -528 -32 -528 64 0
w -528 128 -528 176 0
w -528 176 -704 176 0
w -704 176 -704 64 0
w -704 64 -624 64 0
w -624 192 -480 192 0
w -480 192 -336 192 0
w -336 192 -192 192 0
w -624 192 -624 224 0
M -32 416 16 416 2 2.5
M -32 448 16 448 2 2.5
M -32 480 16 480 2 2.5
w -80 384 -32 384 0
w -32 416 -224 416 0
w -224 368 -224 416 0
w -32 448 -368 448 0
w -368 368 -368 448 0
w -32 480 -512 480 0
w -512 368 -512 480 0
x -820 -213 -523 -210 4 24 circuito\scontador\sBCD\s4\sbits
