$ 1 0.000005 11.086722712598126 52 5 43 5e-11
155 112 -48 128 -48 0 0
R 48 400 48 464 1 2 100 2.5 2.5 0 0.5
M 224 -48 288 -48 0 2.5
x 269 -67 285 -64 4 12 Q0
x -422 -83 -303 -80 4 16 contador\sde\s4\sbit
155 112 80 128 80 0 0
155 112 208 128 208 0 5
155 112 336 128 336 0 0
w 48 400 48 368 0
w 48 368 112 368 0
w 48 368 48 240 0
w 48 240 112 240 0
w 48 240 48 112 0
w 48 112 112 112 0
w 48 112 48 -16 0
w 48 -16 112 -16 0
w 208 -48 224 -48 0
w 208 80 224 80 0
x 269 61 285 64 4 12 Q1
M 224 80 288 80 0 2.5
w 208 208 224 208 0
x 269 189 285 192 4 12 Q2
M 224 208 288 208 0 2.5
w 208 336 224 336 0
x 269 317 285 320 4 12 Q3
M 224 336 288 336 0 2.5
w 224 -48 224 -80 0
w 224 -80 48 -80 0
I 48 -48 112 -48 0 0.5 5
w 48 -80 48 -48 0
w 48 -80 -176 -80 0
154 -64 96 32 96 0 2 0 5
w 32 80 112 80 0
w 32 208 112 208 0
154 -64 224 32 224 0 2 5 5
w 32 336 112 336 0
154 -64 352 32 352 0 2 0 5
w 48 48 -64 48 0
w 224 48 48 48 0
w 224 80 224 48 0
w 32 80 32 96 0
w 32 208 32 224 0
w 32 336 32 352 0
w -64 80 -64 48 0
w -64 48 -128 48 0
w 224 208 224 176 0
w 224 176 -64 176 0
w 208 336 208 304 0
w 208 304 -64 304 0
w -64 304 -64 336 0
w -64 176 -64 208 0
w -64 176 -112 176 0
150 -160 144 -160 240 0 2 0 5
w -176 -80 -176 112 0
w -64 112 -176 112 0
w -176 112 -176 144 0
w -128 48 -128 144 0
150 -144 272 -144 368 0 2 0 5
w -160 240 -160 272 0
w -160 240 -64 240 0
w -112 176 -112 272 0
w -128 272 -112 272 0
w -144 144 -128 144 0
w -144 368 -64 368 0
