$ 1 0.000005 11.086722712598126 52 5 43 5e-11
155 -224 192 -208 192 0 5
R -224 304 -288 304 1 2 100 2.5 2.5 0 0.5
M -128 192 -128 144 0 2.5
x -147 125 -131 128 4 12 Q0
x -409 54 -203 57 4 16 contador\sde\sJohnson\sde\s4\sbit
155 -80 192 -64 192 0 5
155 64 192 80 192 0 5
155 208 192 224 192 0 5
w -224 224 -224 304 0
w -224 304 -80 304 0
w -80 224 -80 304 0
w -80 304 64 304 0
w 64 224 64 304 0
w 64 304 208 304 0
w 208 224 208 304 0
w 304 256 336 256 0
w 336 256 336 96 0
w 336 96 -224 96 0
w -224 96 -224 192 0
x -3 125 13 128 4 12 Q0
M 16 192 16 144 0 2.5
x 141 125 157 128 4 12 Q0
M 160 192 160 144 0 2.5
x 285 125 301 128 4 12 Q0
M 304 192 304 144 0 2.5
w -128 192 -80 192 0
w 16 192 64 192 0
w 160 192 208 192 0
