$ 1 0.000005 2.1831051418620846 50 5 50 5e-11
155 48 336 96 336 0 0
184 -128 336 -96 336 0 1
w -32 336 48 336 0
w -64 432 -16 432 0
w -16 432 -16 256 0
w -128 336 -192 336 0
w -128 368 -160 368 0
w -160 368 -160 160 0
w 240 368 240 144 0
w 272 368 240 368 0
w 272 336 208 336 0
w 384 432 384 256 0
w 336 432 384 432 0
w 368 336 448 336 0
184 272 336 288 336 0 1
155 448 336 496 336 0 0
w 640 368 640 144 0
w 672 368 640 368 0
w 672 336 608 336 0
w 784 432 784 256 0
w 736 432 784 432 0
w 768 336 848 336 0
184 672 336 704 336 0 1
155 848 336 896 336 0 0
w 1040 368 1040 144 0
w 1072 368 1040 368 0
w 1072 336 1008 336 0
w 1184 432 1184 256 0
w 1136 432 1184 432 0
w 1168 336 1248 336 0
184 1072 336 1104 336 0 1
155 1248 336 1296 336 0 0
w 144 336 208 336 0
w 544 336 608 336 0
w 944 336 1008 336 0
w 208 336 208 544 0
w 608 336 608 544 0
w 1008 336 1008 544 0
w 1392 336 1424 336 0
w 1392 336 1392 544 0
L -16 256 -272 256 0 0 false 5 0
w -16 256 384 256 0
w 384 256 784 256 0
w 784 256 1184 256 0
x -299 234 -246 237 4 24 Load
L -160 160 -160 128 0 0 false 5 0
x -182 112 -152 115 4 24 D0
x 218 96 248 99 4 24 D1
L 240 144 240 112 0 0 false 5 0
x 618 96 648 99 4 24 D2
L 640 144 640 112 0 0 false 5 0
x 1018 96 1048 99 4 24 D3
L 1040 144 1040 112 0 0 false 5 0
x -262 320 -214 323 4 24 S_in
L -192 336 -240 336 0 0 false 5 0
w 1344 336 1392 336 0
M 208 544 256 544 0 2.5
x 242 525 274 528 4 24 Q0
x 1451 319 1513 322 4 24 S_out
M 1424 336 1472 336 0 2.5
w 48 368 48 464 0
w 448 368 432 368 0
w 848 368 832 368 0
w 1248 368 1232 368 0
x 642 525 674 528 4 24 Q1
M 608 544 656 544 0 2.5
x 1042 525 1074 528 4 24 Q2
M 1008 544 1056 544 0 2.5
x 1426 525 1458 528 4 24 Q3
M 1392 544 1440 544 0 2.5
R 48 464 -288 464 1 2 100 2.5 2.5 0 0.5
w 48 464 432 464 0
w 432 368 432 464 0
w 432 464 832 464 0
w 832 368 832 464 0
w 832 464 1232 464 0
w 1232 368 1232 464 0
x -268 -1 451 2 4 24 registrador\sde\sdeslocamento\sde\s4\sbit\scom\sentrada\sserial\sou\sparalela
x -218 641 -124 644 4 24 Load\s\q\s0
x -166 681 47 684 4 24 Entrada\sSerial:\sS_in
x -167 718 39 721 4 24 Saída\sSerial:\sS_out
x -168 755 174 758 4 24 Saídas\sParalelas:\sQ0\sQ1\sQ2\sQ4
x 440 755 782 758 4 24 Saídas\sParalelas:\sQ0\sQ1\sQ2\sQ4
x 441 722 647 725 4 24 Saída\sSerial:\sS_out
x 442 685 776 688 4 24 Entrada\sParalela:\sD0\sD1\sD2\sD3
x 390 645 484 648 4 24 Load\s\q\s1
