$ 1 0.000005 10.20027730826997 50 5 50 5e-11
154 288 -96 384 -96 0 2 0 5
154 288 16 384 16 0 2 0 5
154 288 160 384 160 0 2 0 5
154 288 272 384 272 0 2 0 5
I 384 -96 448 -96 0 0.5 5
I 384 16 448 16 0 0.5 5
I 384 160 448 160 0 0.5 5
I 384 272 448 272 0 0.5 5
150 512 80 608 80 0 4 5 5
L -32 -112 -80 -112 0 0 false 5 0
L -32 -64 -80 -64 0 0 false 5 0
L -32 -16 -80 -16 0 0 false 5 0
L -32 32 -80 32 0 0 false 5 0
x -97 -131 -83 -128 4 12 A3
x -96 -83 -82 -80 4 12 A2
x -97 -35 -83 -32 4 12 A1
x -97 13 -83 16 4 12 A0
x -97 285 -83 288 4 12 B0
x -97 237 -83 240 4 12 B1
x -96 189 -82 192 4 12 B2
x -97 141 -83 144 4 12 B3
L -32 304 -80 304 0 0 false 5 0
L -32 256 -80 256 0 0 false 5 0
L -32 208 -80 208 0 0 false 5 0
L -32 160 -80 160 0 0 false 5 0
w 512 48 512 -96 0
w 448 -96 496 -96 0
w 448 16 448 64 0
w 448 64 480 64 0
w 512 112 512 272 0
w 448 272 512 272 0
w 448 160 448 96 0
w 448 96 464 96 0
w 192 -112 -32 -112 0
w -32 160 16 160 0
w 16 160 16 -80 0
w 16 -80 208 -80 0
w 288 0 288 -64 0
w 288 -64 112 -64 0
w -32 208 32 208 0
w 32 208 32 32 0
w 32 32 288 32 0
w 288 144 224 144 0
w 224 144 224 -16 0
w 80 -16 224 -16 0
w -32 256 16 256 0
w 64 256 64 176 0
w 64 176 288 176 0
w 288 256 144 256 0
w 144 256 144 64 0
w -32 32 -32 64 0
w -32 64 48 64 0
w -32 304 288 304 0
w 288 304 288 288 0
x -291 -189 -29 -186 4 24 circuito\scomparador\s4\sbit
150 576 384 656 384 0 2 0 5
150 576 464 656 464 0 3 0 5
150 576 560 656 560 0 4 0 5
150 576 672 656 672 0 5 0 5
152 752 512 832 512 0 4 0 5
I 512 368 576 368 0 0.5 5
I 512 464 576 464 0 0.5 5
I 512 576 576 576 0 0.5 5
I 512 688 576 688 0 0.5 5
w 208 368 208 -80 0
w 208 368 512 368 0
w 576 400 192 400 0
w 192 400 192 -112 0
w 192 -112 288 -112 0
w 208 -80 288 -80 0
w 496 -96 496 448 0
w 496 448 576 448 0
w 496 448 496 528 0
w 496 528 576 528 0
w 576 640 496 640 0
w 496 528 496 640 0
w 496 -96 512 -96 0
w 480 64 480 544 0
w 480 544 576 544 0
w 480 544 480 656 0
w 480 656 576 656 0
w 480 64 512 64 0
w 464 96 464 672 0
w 464 672 576 672 0
w 464 96 512 96 0
w 512 464 32 464 0
w 32 208 32 464 0
w 576 480 112 480 0
w 112 480 112 -64 0
w -32 -64 112 -64 0
w 512 576 16 576 0
w 16 576 16 256 0
w 16 256 64 256 0
w 576 592 80 592 0
w 80 592 80 -16 0
w 80 -16 -32 -16 0
w 512 688 -32 688 0
w -32 688 -32 304 0
w 48 64 48 704 0
w 48 704 576 704 0
w 752 480 752 384 0
w 656 384 752 384 0
w 752 544 752 672 0
w 656 672 752 672 0
w 656 464 704 464 0
w 704 464 704 496 0
w 704 496 752 496 0
w 656 560 704 560 0
w 704 560 704 528 0
w 704 528 752 528 0
w 608 80 912 80 0
w 912 512 1184 512 0
I 1008 288 1072 288 0 0.5 5
154 912 288 1008 288 0 2 5 5
w 912 304 912 512 0
w 912 272 912 80 0
w 832 512 912 512 0
w 912 80 1184 80 0
w 1072 288 1184 288 0
w 48 64 144 64 0
M 1184 80 1232 80 0 1.5
M 1184 288 1232 288 0 1.5
M 1184 512 1232 512 0 1.5
x 1203 51 1262 54 4 24 A\s\q\sB
x 1203 259 1262 262 4 24 A\s<\sB
x 1203 483 1262 486 4 24 A\s>\sB
