$ 1 0.000005 10.20027730826997 50 5 50 5e-11
R 224 -64 224 -112 0 0 40 3 0 0 0.5
x -305 -99 -82 -96 4 12 circuito\s(O3AI)\susando\s(PMOS)\se\s(NMOS)
f 224 80 288 80 5 1.5 0.02
f 112 -48 176 -48 5 1.5 0.02
f 112 80 176 80 5 1.5 0.02
f 112 16 176 16 5 1.5 0.02
w 288 -64 288 64 0
w 224 -64 288 -64 0
w 176 -64 224 -64 0
w 176 -32 176 0 0
w 176 32 176 64 0
w 176 96 176 128 0
w 176 128 288 128 0
w 288 96 288 128 0
M 288 128 352 128 0 2.5
f 224 176 288 176 4 1.5 0.02
w 288 128 288 160 0
f 32 240 96 240 4 1.5 0.02
f 128 240 192 240 4 1.5 0.02
f 224 240 288 240 4 1.5 0.02
w 96 208 192 208 0
w 192 208 288 208 0
w 288 192 288 208 0
w 288 208 288 224 0
w 192 208 192 224 0
w 96 208 96 224 0
w 96 256 96 272 0
w 192 256 192 272 0
w 192 272 288 272 0
w 96 272 192 272 0
w 288 256 288 272 0
g 192 272 192 304 0 0
L 48 112 -64 112 0 1 false 3 0
L 32 -32 -64 -32 0 1 false 3 0
L 112 64 -64 64 0 1 false 3 0
L 64 16 -64 16 0 1 false 3 0
w 48 112 224 112 0
w 224 80 224 112 0
w 224 112 224 176 0
x -87 96 -27 99 4 12 entrada\s(D)
x -85 49 -25 52 4 12 entrada\s(C)
w 112 64 112 80 0
w 224 192 224 240 0
w 112 192 224 192 0
w 112 80 112 192 0
x -84 0 -24 3 4 12 entrada\s(B)
w 128 160 128 240 0
w 64 160 128 160 0
w 64 16 64 160 0
w 64 16 112 16 0
x -82 -46 -22 -43 4 12 entrada\s(A)
w 32 -48 112 -48 0
w 32 -32 32 240 0
w 32 -48 32 -32 0
x -247 -74 -169 -71 6 12 (A\s|\sB\s|\sC)\s\a\sD\s
x 335 116 364 119 4 12 saída
