$ 0 0.000005 10.20027730826997 50 5 50 5e-11
f 32 160 96 160 21 1.5 0.02
w 96 176 96 208 0
R 96 64 96 16 0 0 40 3 0 0 0.5
f 32 224 96 224 21 1.5 0.02
w 96 240 96 256 0
w 96 256 96 272 0
f 32 288 96 288 20 1.5 0.02
f -64 288 0 288 20 1.5 0.02
w 0 256 0 272 0
w 0 256 96 256 0
g 96 352 96 384 0 0
w 32 224 32 288 0
w -64 160 -64 288 0
w -64 160 32 160 0
L -160 160 -240 160 0 1 false 3 0
L 0 240 -240 240 0 1 false 3 0
w 208 160 208 192 0
w 96 256 144 256 0
w 208 224 208 256 0
w 208 256 208 288 0
w 144 208 144 256 0
w 144 256 144 304 0
M 208 256 272 256 0 2.5
f 144 208 208 208 21 1.5 0.02
f 144 304 208 304 20 1.5 0.02
w 96 144 208 144 0
w 208 160 208 144 0
w 0 352 96 352 0
w 96 352 208 352 0
w 0 352 0 304 0
w 96 352 96 304 0
w 208 352 208 320 0
x -264 144 -204 147 4 12 entrada\s(A)
x -263 225 -203 228 4 12 entrada\s(B)
x 258 241 287 244 4 12 saída
x -371 20 -25 23 4 12 circuito\s(IMPLICAÇÃO)\sde\s2\sentradas\susando\s(PMOS)\se\s(NMOS)
f -160 208 -96 208 20 1.5 0.02
f -160 112 -96 112 21 1.5 0.02
w -160 160 -160 208 0
w -160 112 -160 160 0
w -96 160 -96 192 0
w -96 128 -96 160 0
w -96 96 96 96 0
w 96 64 96 96 0
w 96 96 96 144 0
w -96 352 0 352 0
w -96 224 -96 352 0
w -64 160 -96 160 0
w 0 240 0 224 0
w 0 224 32 224 0
