$ 1 0.000005 10.20027730826997 50 5 50 5e-11
150 464 96 560 96 0 2 0 5
150 464 176 560 176 0 2 0 5
150 480 432 576 432 0 2 0 5
150 480 512 576 512 0 2 0 5
L 224 112 176 112 0 0 false 5 0
x 161 93 175 96 4 12 A1
x 161 141 175 144 4 12 A0
L 224 160 176 160 0 0 false 5 0
L 224 480 176 480 0 0 false 5 0
x 161 461 175 464 4 12 B0
x 161 413 175 416 4 12 B1
L 224 432 176 432 0 0 false 5 0
w 416 80 224 80 0
w 224 80 224 112 0
w 464 160 416 160 0
w 416 160 416 80 0
w 416 80 464 80 0
w 464 112 384 112 0
w 384 112 384 480 0
w 224 480 384 480 0
w 480 528 384 528 0
w 384 480 384 528 0
w 464 192 352 192 0
w 352 192 352 432 0
w 224 432 352 432 0
w 352 432 416 432 0
w 416 432 416 448 0
w 416 448 480 448 0
w 480 496 464 496 0
w 464 496 464 416 0
w 224 160 272 160 0
w 272 160 272 400 0
w 272 400 464 400 0
w 464 400 464 416 0
w 464 416 480 416 0
150 816 416 912 416 0 2 0 5
150 640 416 736 416 0 2 0 5
154 640 256 736 256 0 2 0 5
154 816 336 912 336 0 2 0 5
w 560 96 592 96 0
w 592 96 592 240 0
w 592 240 640 240 0
w 640 400 592 400 0
w 592 400 592 240 0
w 576 432 608 432 0
w 608 432 608 272 0
w 608 272 640 272 0
w 608 432 640 432 0
w 560 176 960 176 0
w 736 256 960 256 0
w 816 320 736 320 0
w 736 320 736 416 0
w 576 512 784 512 0
w 784 512 784 432 0
w 784 432 816 432 0
w 784 432 784 352 0
w 784 352 816 352 0
w 736 416 816 416 0
w 816 416 816 400 0
w 912 336 960 336 0
w 912 416 960 416 0
M 960 176 992 176 0 1.5
x 975 157 990 160 4 12 D3
x 975 237 990 240 4 12 D2
M 960 256 992 256 0 1.5
x 975 317 990 320 4 12 D1
M 960 336 992 336 0 1.5
x 975 397 990 400 4 12 D0
M 960 416 992 416 0 1.5
x -40 6 184 9 4 20 circuito\smultiplicador\s2\sbit
