$ 1 0.000005 10.20027730826997 50 5 50 5e-11
L -736 0 -800 0 0 1 false 5 0
x -823 -15 -763 -12 4 12 entrada\s(A)
x -823 49 -763 52 4 12 entrada\s(B)
L -736 64 -800 64 0 1 false 5 0
M 400 -64 464 -64 0 2.5
M 288 64 352 64 0 2.5
x 338 49 360 52 4 12 sum
x 451 -79 477 -76 4 12 carry
x -823 -211 -561 -208 4 12 circuito\s(SOMADOR\sCOMPLETO)\susando\s(NOR)
w -608 48 -512 48 0
L -736 128 -800 128 0 1 false 5 0
x -807 112 -792 115 4 12 cin
w -384 0 -384 -16 0
153 -512 -16 -416 -16 0 2 0 5
153 -512 64 -416 64 0 2 0 5
153 -512 144 -416 144 0 2 0 5
153 -384 16 -288 16 0 2 5 5
w -608 80 -512 80 0
w -608 -32 -512 -32 0
w -608 0 -512 0 0
w -608 128 -512 128 0
w -608 160 -512 160 0
w -736 -16 -608 -16 0
w -608 -32 -608 -16 0
w -608 -16 -608 0 0
w -736 -16 -736 0 0
w -608 128 -608 144 0
w -608 144 -608 160 0
w -704 144 -608 144 0
w -736 64 -704 64 0
w -704 64 -704 144 0
w -608 80 -608 128 0
w -608 0 -608 48 0
w -384 -16 -416 -16 0
w -416 144 -384 144 0
w -384 144 -384 32 0
w -288 64 -416 64 0
153 -256 32 -160 32 0 2 0 5
w -256 16 -288 16 0
w -256 48 -288 48 0
w -288 64 -288 48 0
w -144 128 -48 128 0
w -144 96 -48 96 0
w -144 -32 -48 -32 0
w -144 -64 -48 -64 0
w -144 48 -48 48 0
153 -48 112 48 112 0 2 0 5
153 -48 32 48 32 0 2 0 5
153 -48 -48 48 -48 0 2 5 5
w -144 16 -48 16 0
w -144 16 -160 16 0
w -160 32 -160 16 0
w -160 -48 -160 16 0
w -144 -48 -144 -64 0
w -144 -32 -144 -48 0
w -160 -48 -144 -48 0
w -736 192 -736 128 0
w -176 192 -736 192 0
w -176 192 -176 112 0
w -144 112 -144 96 0
w -144 128 -144 112 0
w -144 112 -176 112 0
w -176 48 -144 48 0
w -176 112 -176 48 0
153 80 -16 192 -16 0 2 0 5
w 80 -32 80 -48 0
w 48 -48 80 -48 0
w 80 0 80 112 0
w 48 112 80 112 0
153 192 64 288 64 0 2 5 5
w 48 80 192 80 0
153 192 -64 304 -64 0 2 0 5
153 304 -64 400 -64 0 2 5 5
w 48 32 48 80 0
w 192 -16 192 48 0
w 192 -48 192 -16 0
w -256 16 -256 -112 0
w 48 -80 192 -80 0
w 48 -112 48 -80 0
w -256 -112 48 -112 0
w 304 -48 304 -64 0
w 304 -64 304 -80 0
