$ 1 0.000005 10.20027730826997 50 5 50 5e-11
150 -224 -32 -128 -32 0 2 5 5
154 -224 64 -128 64 0 2 0 5
L -336 -32 -400 -32 0 1 false 5 0
x -423 -47 -363 -44 4 12 entrada\s(A)
x -423 1 -363 4 4 12 entrada\s(B)
L -336 16 -400 16 0 1 false 5 0
w -288 -48 -224 -48 0
w -288 -16 -224 -16 0
w -288 48 -224 48 0
w -288 80 -224 80 0
w -336 -32 -336 -48 0
w -320 -48 -288 -48 0
w -336 -16 -288 -16 0
w -336 16 -336 -16 0
w -288 -16 -288 48 0
w -320 80 -288 80 0
w -320 -48 -320 80 0
w -336 -48 -320 -48 0
M -128 -32 -64 -32 0 2.5
M -128 64 -64 64 0 2.5
x -78 49 -56 52 4 12 sum
x -77 -47 -51 -44 4 12 carry
x -574 -131 -302 -128 4 12 circuito\s(MEIO\sSOMADOR)\susando\s(AND)\se\s(XOR)
