$ 1 0.000005 10.20027730826997 50 5 50 5e-11
x -3630 50 -3271 53 4 32 circuito\smultiplicador\s4\sbit
L -3264 176 -3264 144 0 0 false 5 0
x -3278 124 -3264 127 4 12 A2
L -3232 176 -3232 144 0 0 false 5 0
x -3246 124 -3232 127 4 12 A1
L -3200 176 -3200 144 0 0 false 5 0
x -3214 124 -3200 127 4 12 A0
L -3104 176 -3104 144 0 0 false 5 0
x -3118 124 -3104 127 4 12 B2
L -3072 176 -3072 144 0 0 false 5 0
x -3086 124 -3072 127 4 12 B1
L -3040 176 -3040 144 0 0 false 5 0
x -3054 124 -3040 127 4 12 B0
L -3136 176 -3136 144 0 0 false 5 0
x -3150 124 -3136 127 4 12 B3
x -3310 124 -3296 127 4 12 A3
L -3296 176 -3296 144 0 0 false 5 0
196 -2640 256 -2528 256 2 4
196 -2640 816 -2528 816 2 4
196 -2640 1376 -2528 1376 2 4
150 -2960 240 -2864 240 0 2 0 5
150 -2960 304 -2864 304 0 2 0 5
150 -2960 368 -2864 368 0 2 0 5
150 -2960 432 -2864 432 0 2 0 5
w -2864 432 -2832 432 0
w -2864 368 -2816 368 0
w -2864 304 -2832 304 0
w -2832 304 -2800 304 0
w -3200 176 -3200 224 0
w -2960 224 -3200 224 0
w -2960 288 -3200 288 0
w -2960 352 -3200 352 0
w -2960 416 -3200 416 0
w -3200 224 -3200 288 0
w -3200 288 -3200 352 0
w -3200 352 -3200 416 0
w -3040 176 -3040 256 0
w -3040 256 -2960 256 0
w -3072 176 -3072 320 0
w -3072 320 -2960 320 0
w -3104 176 -3104 384 0
w -3104 384 -2960 384 0
w -3136 176 -3136 448 0
w -3136 448 -2960 448 0
w -2864 240 -2864 176 0
w -2864 176 -2304 176 0
150 -2960 704 -2864 704 0 2 0 5
150 -2960 640 -2864 640 0 2 0 5
150 -2960 576 -2864 576 0 2 0 5
150 -2960 512 -2864 512 0 2 0 5
w -2864 704 -2720 704 0
w -2864 512 -2768 512 0
w -2768 512 -2768 480 0
w -2768 480 -2640 480 0
w -2864 576 -2752 576 0
w -2752 576 -2752 448 0
w -2752 448 -2640 448 0
w -2864 640 -2736 640 0
w -2736 640 -2736 416 0
w -2736 416 -2640 416 0
w -2720 704 -2720 384 0
w -2720 384 -2640 384 0
w -2960 496 -3232 496 0
w -3232 176 -3232 496 0
w -2960 560 -3232 560 0
w -2960 624 -3232 624 0
w -2960 688 -3232 688 0
w -3232 496 -3232 560 0
w -3232 560 -3232 624 0
w -3232 624 -3232 688 0
w -3040 256 -3040 528 0
w -3040 528 -2960 528 0
w -3072 320 -3072 592 0
w -3072 592 -2960 592 0
w -3104 384 -3104 656 0
w -3104 656 -2960 656 0
w -3136 448 -3136 720 0
w -3136 720 -2960 720 0
g -2672 256 -2672 224 0 0
w -2672 256 -2640 256 0
w -2672 256 -2672 512 0
w -2672 512 -2640 512 0
w -2544 256 -2512 256 0
w -2512 256 -2512 768 0
w -2512 768 -2640 768 0
w -2640 768 -2640 816 0
w -2544 416 -2288 416 0
w -2544 384 -2528 384 0
w -2528 384 -2528 752 0
w -2528 752 -2656 752 0
w -2656 752 -2656 912 0
w -2656 912 -2640 912 0
w -2544 352 -2496 352 0
w -2496 352 -2496 736 0
w -2496 736 -2672 736 0
w -2672 736 -2672 880 0
w -2672 880 -2640 880 0
w -2544 320 -2480 320 0
w -2480 320 -2480 720 0
w -2480 720 -2688 720 0
w -2688 720 -2688 848 0
w -2688 848 -2640 848 0
w -3264 176 -3264 896 0
w -3264 896 -3264 960 0
w -3264 960 -3264 1024 0
w -3264 1024 -3264 1056 0
w -2720 944 -2640 944 0
w -2720 1264 -2720 944 0
w -2736 976 -2640 976 0
w -2736 1200 -2736 976 0
w -2864 1200 -2736 1200 0
w -2752 1008 -2640 1008 0
w -2752 1136 -2752 1008 0
w -2864 1136 -2752 1136 0
w -2768 1040 -2640 1040 0
w -2768 1072 -2768 1040 0
w -2864 1072 -2768 1072 0
w -2864 1264 -2720 1264 0
150 -2960 1072 -2864 1072 0 2 0 5
150 -2960 1136 -2864 1136 0 2 0 5
150 -2960 1200 -2864 1200 0 2 0 5
150 -2960 1264 -2864 1264 0 2 0 5
w -2960 1056 -3264 1056 0
w -2960 1120 -3264 1120 0
w -2960 1184 -3264 1184 0
w -2960 1248 -3264 1248 0
w -3264 1056 -3264 1120 0
w -3264 1120 -3264 1184 0
w -3264 1184 -3264 1248 0
w -3040 528 -3040 1088 0
w -3040 1088 -2960 1088 0
w -3072 592 -3072 1152 0
w -3072 1152 -2960 1152 0
w -3104 656 -3104 1216 0
w -3104 1216 -2960 1216 0
w -3136 720 -3136 1280 0
w -3136 1280 -2960 1280 0
w -2704 512 -2704 1072 0
w -2704 1072 -2640 1072 0
w -2480 1280 -2688 1280 0
w -2480 880 -2480 1280 0
w -2544 880 -2480 880 0
w -2496 1296 -2672 1296 0
w -2496 912 -2496 1296 0
w -2544 912 -2496 912 0
w -2528 1312 -2656 1312 0
w -2528 944 -2528 1312 0
w -2544 944 -2528 944 0
w -2544 976 -2384 976 0
w -2512 1328 -2640 1328 0
w -2512 816 -2512 1328 0
w -2544 816 -2512 816 0
w -2688 1408 -2640 1408 0
w -2688 1280 -2688 1408 0
w -2672 1440 -2640 1440 0
w -2672 1296 -2672 1440 0
w -2656 1472 -2640 1472 0
w -2656 1312 -2656 1472 0
w -2640 1328 -2640 1376 0
150 -2960 1824 -2864 1824 0 2 0 5
150 -2960 1760 -2864 1760 0 2 0 5
150 -2960 1696 -2864 1696 0 2 0 5
150 -2960 1632 -2864 1632 0 2 0 5
w -2864 1824 -2720 1824 0
w -2864 1632 -2768 1632 0
w -2768 1632 -2768 1600 0
w -2768 1600 -2640 1600 0
w -2864 1696 -2752 1696 0
w -2752 1696 -2752 1568 0
w -2752 1568 -2640 1568 0
w -2864 1760 -2736 1760 0
w -2736 1760 -2736 1536 0
w -2736 1536 -2640 1536 0
w -2720 1824 -2720 1504 0
w -2720 1504 -2640 1504 0
w -3296 1744 -3296 1808 0
w -3296 1680 -3296 1744 0
w -3296 1616 -3296 1680 0
w -2960 1808 -3296 1808 0
w -2960 1744 -3296 1744 0
w -2960 1680 -3296 1680 0
w -2960 1616 -3296 1616 0
w -3296 1584 -3296 1616 0
w -3296 1520 -3296 1584 0
w -3296 1456 -3296 1520 0
w -3296 176 -3296 1456 0
w -3040 1088 -3040 1648 0
w -3040 1648 -2960 1648 0
w -3072 1152 -3072 1712 0
w -3072 1712 -2960 1712 0
w -3104 1216 -3104 1776 0
w -3104 1776 -2960 1776 0
w -3136 1280 -3136 1840 0
w -3136 1840 -2960 1840 0
w -2544 1440 -2256 1440 0
w -2544 1472 -2240 1472 0
w -2544 1504 -2224 1504 0
w -2544 1536 -2208 1536 0
w -2544 1376 -2272 1376 0
M -1968 704 -1936 704 0 2.5
x -1957 686 -1943 689 4 12 S7
x -1957 734 -1943 737 4 12 S6
M -1968 752 -1936 752 0 2.5
x -1957 782 -1943 785 4 12 S5
M -1968 800 -1936 800 0 2.5
x -1957 830 -1943 833 4 12 S4
M -1968 848 -1936 848 0 2.5
x -1957 878 -1943 881 4 12 S3
M -1968 896 -1936 896 0 2.5
x -1957 926 -1943 929 4 12 S2
M -1968 944 -1936 944 0 2.5
x -1957 974 -1943 977 4 12 S1
M -1968 992 -1936 992 0 2.5
x -1957 1022 -1943 1025 4 12 S0
M -1968 1040 -1936 1040 0 2.5
w -2304 176 -2304 1040 0
w -2288 416 -2288 992 0
w -2288 992 -1968 992 0
w -2304 1040 -1968 1040 0
w -2384 976 -2384 944 0
w -2384 944 -1968 944 0
w -1968 704 -2272 704 0
w -1968 896 -2208 896 0
w -1968 848 -2224 848 0
w -1968 800 -2240 800 0
w -2256 752 -1968 752 0
w -2800 304 -2800 352 0
w -2800 352 -2640 352 0
w -2816 368 -2816 320 0
w -2816 320 -2640 320 0
w -2832 432 -2832 288 0
w -2832 288 -2640 288 0
w -2208 1536 -2208 896 0
w -2224 1504 -2224 848 0
w -2240 1472 -2240 800 0
w -2256 1440 -2256 752 0
w -2272 1376 -2272 704 0
w -2704 512 -2672 512 0
w -2704 1072 -2704 1632 0
w -2704 1632 -2640 1632 0
