$ 1 0.000005 10.20027730826997 50 5 50 5e-11
L -144 352 -192 352 0 0 false 5 0
L -144 400 -192 400 0 0 false 5 0
L -144 448 -192 448 0 0 false 5 0
L -144 496 -192 496 0 0 false 5 0
x -209 333 -195 336 4 12 A3
x -208 381 -194 384 4 12 A2
x -209 429 -195 432 4 12 A1
x -209 477 -195 480 4 12 A0
x -337 226 -164 229 4 18 circuito\sprioridade\s4-2
152 128 304 208 304 0 2 0 5
152 128 384 208 384 0 2 0 5
152 128 512 208 512 0 4 0 5
150 0 400 80 400 0 2 0 5
I -64 384 0 384 0 0.5 5
w 96 288 -144 288 0
w -144 288 -144 352 0
w -144 400 -112 400 0
w -112 400 -112 320 0
w -64 320 80 320 0
w 112 288 112 368 0
w 112 368 128 368 0
w 96 288 112 288 0
w 80 400 128 400 0
w -64 320 -64 384 0
w -112 320 -64 320 0
w -144 448 0 448 0
w 0 416 0 448 0
w -144 496 -144 544 0
w -144 544 128 544 0
w 0 448 0 528 0
w 0 528 128 528 0
w 128 496 80 496 0
w 80 496 80 320 0
w 128 480 96 480 0
w 96 480 96 288 0
w 112 288 128 288 0
w 80 320 128 320 0
M 208 304 256 304 0 2.5
M 208 384 256 384 0 2.5
M 208 512 256 512 0 2.5
x 239 286 253 289 4 12 S1
x 239 366 253 369 4 12 S0
x 240 494 248 497 4 12 V
