$ 1 0.000005 10.20027730826997 50 5 50 5e-11
x -150 -66 84 -63 4 12 circuito\s(AOI-21)\susando\s(PMOS)\se\s(NMOS)
f 272 16 336 16 5 1.5 0.02
f 144 16 208 16 5 1.5 0.02
f 192 80 272 80 5 1.5 0.02
R 272 -16 272 -64 0 0 40 3 0 0 0.5
w 208 -16 272 -16 0
w 272 -16 336 -16 0
w 336 -16 336 0 0
w 208 -16 208 0 0
w 208 32 208 48 0
w 336 48 272 48 0
w 208 48 272 48 0
w 272 48 272 64 0
w 272 96 272 112 0
f 272 160 336 160 4 1.5 0.02
f 144 128 208 128 4 1.5 0.02
f 144 192 208 192 4 1.5 0.02
w 336 112 272 112 0
w 272 112 208 112 0
w 336 144 336 112 0
w 208 176 208 144 0
w 336 208 336 176 0
w 336 48 336 32 0
w 336 208 272 208 0
g 272 208 272 240 0 0
w 272 208 208 208 0
L 96 16 32 16 0 1 false 3 0
x 9 1 69 4 4 12 entrada\s(A)
w 144 128 144 16 0
w 144 16 96 16 0
x 9 49 69 52 4 12 entrada\s(B)
L 112 64 32 64 0 1 false 3 0
w 160 64 112 64 0
w 272 16 224 16 0
w 224 64 224 16 0
w 272 160 160 160 0
w 224 64 160 64 0
w 160 80 160 160 0
L 96 112 32 112 0 1 false 3 0
x 9 97 69 100 4 12 entrada\s(C)
w 144 192 112 192 0
w 112 192 112 64 0
w 96 80 96 112 0
M 336 112 400 112 0 2.5
w 160 80 96 80 0
w 192 80 160 80 0
x -86 -38 -15 -35 6 12 (\s(A\s\a\sB)\s|\sC\s)
