$ 1 0.000005 10.20027730826997 50 5 50 5e-11
x -157 -170 45 -167 4 18 circuito\sparidade\spar\s3\sbit
M 352 160 400 160 0 1.5
L -64 144 -112 144 0 0 false 5 0
L -32 80 -112 80 0 0 false 5 0
L 0 16 -112 16 0 0 false 5 0
w 192 112 32 112 0
w 128 80 192 80 0
w 128 48 128 80 0
154 192 96 288 96 0 2 0 5
154 32 48 128 48 0 2 0 5
x -138 0 -123 3 4 12 D2
x -138 61 -123 64 4 12 D1
x -139 127 -124 130 4 12 D0
x 374 144 420 147 4 12 paridade
x 374 192 389 195 4 12 D2
M 352 208 400 208 0 1.5
x 374 240 389 243 4 12 D1
M 352 256 400 256 0 1.5
x 374 288 389 291 4 12 D0
M 352 304 400 304 0 1.5
w 32 32 32 16 0
w 32 16 0 16 0
w 32 64 32 80 0
w 32 80 -32 80 0
w -64 144 -64 112 0
w -64 112 32 112 0
w 288 96 352 96 0
w 352 96 352 160 0
w 352 208 0 208 0
w 0 208 0 16 0
w 352 256 -32 256 0
w -32 256 -32 80 0
w 352 304 -64 304 0
w -64 144 -64 304 0
w 928 224 928 272 0
w 896 272 928 272 0
w 928 144 928 192 0
154 928 208 1024 208 0 2 0 5
w 544 288 640 288 0
w 544 320 544 288 0
w 640 256 576 256 0
w 640 240 640 256 0
w 640 192 608 192 0
w 640 208 640 192 0
x 1055 191 1076 194 4 12 erro
154 640 224 736 224 0 2 0 5
154 800 272 896 272 0 2 0 5
w 736 224 736 256 0
w 736 256 800 256 0
w 800 288 640 288 0
M 1024 208 1072 208 0 1.5
w 352 304 352 320 0
w 352 320 544 320 0
w 352 256 352 272 0
w 352 272 576 272 0
w 576 256 576 272 0
w 352 208 352 224 0
w 352 224 608 224 0
w 608 192 608 224 0
w 352 96 928 96 0
w 928 96 928 144 0
