$ 1 0.000005 10.20027730826997 50 5 50 5e-11
x -421 -211 -105 -208 4 12 circuito\s(A\sand\s(B\sor\sD)\sand\s(B\sor\sC))\susando\s(\sAND)\se\s(OR)
150 -128 -96 -32 -96 0 2 5 5
152 -128 0 -32 0 0 2 5 5
150 32 -80 128 -80 0 2 5 5
x -343 -47 -283 -44 4 12 entrada\s(C)
L -256 -32 -320 -32 0 1 false 5 0
L -256 -80 -320 -80 0 1 false 5 0
x -343 -95 -283 -92 4 12 entrada\s(B)
x -343 -143 -283 -140 4 12 entrada\s(A)
L -256 -128 -320 -128 0 1 false 5 0
L -256 16 -320 16 0 1 false 5 0
x -343 1 -283 4 4 12 entrada\s(D)
w -192 -112 -128 -112 0
w -192 -112 -192 -128 0
w -256 -128 -192 -128 0
w -192 -16 -128 -16 0
w -192 16 -128 16 0
w -192 -80 -192 -16 0
w -256 -80 -224 -80 0
w -256 16 -192 16 0
w -32 0 -32 -48 0
w -128 -48 -32 -48 0
w -128 -80 -128 -48 0
x -341 -185 -221 -182 4 12 (\sA\s\a\s(B\s|\sD)\s\a\s(B\s|\sC)\s)
w -32 -96 32 -96 0
152 16 64 112 64 0 2 5 5
w -224 -80 -224 48 0
w -224 -80 -192 -80 0
w -224 48 16 48 0
w -256 -32 -256 80 0
w -256 80 16 80 0
w 112 64 112 -32 0
w 32 -32 112 -32 0
w 32 -64 32 -32 0
M 128 -80 192 -80 0 2.5
