$ 1 0.000005 10.20027730826997 50 5 50 5e-11
L 176 32 96 32 0 0 false 5 0
x 73 17 133 20 4 12 entrada\s(A)
x 73 81 133 84 4 12 entrada\s(B)
L 144 96 96 96 0 0 false 5 0
x -162 0 28 3 4 12 circuito\ssomador/subtrator\scompleto
154 240 64 336 64 0 2 0 5
154 416 112 512 112 0 2 0 5
w 176 32 240 32 0
w 144 96 240 96 0
w 240 48 240 32 0
w 240 80 240 96 0
w 416 96 336 96 0
w 336 64 336 96 0
x 89 144 104 147 4 12 cin
L 160 160 96 160 0 0 false 5 0
w 416 128 304 128 0
w 208 160 304 160 0
w 304 128 304 160 0
x 562 97 584 100 4 12 sum
M 512 112 576 112 0 2.5
150 240 208 336 208 0 2 0 5
150 368 320 464 320 0 2 0 5
152 240 368 336 368 0 2 0 5
152 464 224 560 224 0 2 0 5
w 240 96 240 192 0
w 160 160 160 224 0
w 160 224 240 224 0
154 240 288 336 288 0 2 5 5
w 240 272 176 272 0
w 176 272 176 32 0
L 240 304 96 304 0 1 false 5 0
x 89 288 98 291 4 12 M
w 240 352 208 352 0
w 208 352 208 160 0
w 240 384 144 384 0
w 144 384 144 96 0
w 160 160 208 160 0
w 336 368 368 368 0
w 368 336 368 368 0
w 368 304 368 288 0
w 336 288 368 288 0
w 464 320 464 240 0
w 336 208 464 208 0
M 560 224 592 224 0 2.5
x 578 209 604 212 4 12 carry
x -117 284 29 287 4 12 M\s\q\s0\s➩\ssoma\s\s\s\s\s\s\s\s\s(A\s\p\sB)
x -118 311 28 314 4 12 M\s\q\s1\s➩\ssubtração\s\s\s(A\s-\sB)
