$ 1 0.000005 10.20027730826997 50 5 50 5e-11
x -4318 -478 -3959 -475 4 32 circuito\smultiplicador\s5\sbit
L -3984 -352 -3984 -384 0 0 false 5 0
x -3998 -404 -3984 -401 4 12 A2
L -3952 -352 -3952 -384 0 0 false 5 0
x -3966 -404 -3952 -401 4 12 A1
L -3920 -352 -3920 -384 0 0 false 5 0
x -3934 -404 -3920 -401 4 12 A0
L -3792 -352 -3792 -384 0 0 false 5 0
x -3806 -404 -3792 -401 4 12 B2
L -3760 -352 -3760 -384 0 0 false 5 0
x -3774 -404 -3760 -401 4 12 B1
L -3728 -352 -3728 -384 0 0 false 5 0
x -3742 -404 -3728 -401 4 12 B0
L -3824 -352 -3824 -384 0 0 false 5 0
x -3838 -404 -3824 -401 4 12 B3
x -4030 -404 -4016 -401 4 12 A3
L -4016 -352 -4016 -384 0 0 false 5 0
196 -3328 -272 -3216 -272 2 5
196 -3328 288 -3216 288 2 5
196 -3328 848 -3216 848 2 5
150 -3648 -288 -3552 -288 0 2 0 5
150 -3648 -224 -3552 -224 0 2 0 5
150 -3648 -160 -3552 -160 0 2 0 5
150 -3648 -96 -3552 -96 0 2 0 5
w -3552 -96 -3520 -96 0
w -3552 -160 -3504 -160 0
w -3552 -224 -3520 -224 0
w -3520 -224 -3488 -224 0
w -3920 -352 -3920 -304 0
w -3648 -304 -3920 -304 0
w -3648 -240 -3920 -240 0
w -3648 -176 -3920 -176 0
w -3648 -112 -3920 -112 0
w -3920 -304 -3920 -240 0
w -3920 -240 -3920 -176 0
w -3920 -176 -3920 -112 0
w -3728 -352 -3728 -272 0
w -3728 -272 -3648 -272 0
w -3760 -352 -3760 -208 0
w -3760 -208 -3648 -208 0
w -3792 -352 -3792 -144 0
w -3792 -144 -3648 -144 0
w -3824 -352 -3824 -80 0
w -3824 -80 -3648 -80 0
w -3552 -288 -3552 -352 0
w -3552 -352 -2992 -352 0
150 -3648 240 -3552 240 0 2 0 5
150 -3648 176 -3552 176 0 2 0 5
150 -3648 112 -3552 112 0 2 0 5
150 -3648 48 -3552 48 0 2 0 5
w -3552 240 -3408 240 0
w -3552 48 -3456 48 0
w -3456 48 -3456 16 0
w -3456 16 -3328 16 0
w -3552 112 -3440 112 0
w -3440 112 -3440 -16 0
w -3440 -16 -3328 -16 0
w -3552 176 -3424 176 0
w -3424 176 -3424 -48 0
w -3424 -48 -3328 -48 0
w -3408 240 -3408 -80 0
w -3408 -80 -3328 -80 0
w -3648 32 -3952 32 0
w -3952 -352 -3952 -32 0
w -3648 96 -3952 96 0
w -3648 160 -3952 160 0
w -3648 224 -3952 224 0
w -3952 -32 -3952 32 0
w -3952 32 -3952 96 0
w -3952 96 -3952 160 0
w -3728 -272 -3728 64 0
w -3728 64 -3648 64 0
w -3760 -208 -3760 128 0
w -3760 128 -3648 128 0
w -3792 -144 -3792 192 0
w -3792 192 -3648 192 0
w -3824 -80 -3824 256 0
w -3824 256 -3648 256 0
g -3360 -272 -3360 -304 0 0
w -3360 -272 -3328 -272 0
w -3360 -272 -3360 48 0
w -3360 48 -3328 48 0
w -3232 -272 -3120 -272 0
w -3328 240 -3328 320 0
w -3184 -112 -3184 192 0
w -3232 -144 -3168 -144 0
w -3232 -176 -3152 -176 0
w -3232 -208 -3136 -208 0
w -3984 -352 -3984 368 0
w -3984 368 -3984 432 0
w -3984 432 -3984 496 0
w -3984 496 -3984 528 0
w -3984 528 -3984 592 0
w -3984 592 -3984 656 0
w -3984 656 -3984 720 0
w -3728 64 -3728 624 0
w -3760 128 -3760 688 0
w -3792 192 -3792 752 0
w -3824 256 -3824 816 0
w -3392 48 -3392 608 0
w -3392 608 -3328 608 0
w -4016 1184 -4016 1248 0
w -4016 1152 -4016 1184 0
w -4016 1088 -4016 1152 0
w -4016 1056 -4016 1088 0
w -4016 992 -4016 1056 0
w -4016 928 -4016 992 0
w -4016 -352 -4016 928 0
w -3728 624 -3728 1152 0
w -3760 688 -3760 1216 0
w -3792 752 -3792 1280 0
w -3824 816 -3824 1344 0
M -2656 176 -2624 176 0 2.5
x -2645 158 -2631 161 4 12 S7
x -2645 206 -2631 209 4 12 S6
M -2656 224 -2624 224 0 2.5
x -2645 254 -2631 257 4 12 S5
M -2656 272 -2624 272 0 2.5
x -2645 302 -2631 305 4 12 S4
M -2656 320 -2624 320 0 2.5
x -2645 350 -2631 353 4 12 S3
M -2656 368 -2624 368 0 2.5
x -2645 398 -2631 401 4 12 S2
M -2656 416 -2624 416 0 2.5
x -2645 446 -2631 449 4 12 S1
M -2656 464 -2624 464 0 2.5
x -2645 494 -2631 497 4 12 S0
M -2656 512 -2624 512 0 2.5
w -2992 -352 -2992 512 0
w -2976 -80 -2976 464 0
w -2976 464 -2656 464 0
w -2992 512 -2656 512 0
w -3072 480 -3072 416 0
w -3072 416 -2656 416 0
w -2656 176 -2880 176 0
w -2656 368 -2816 368 0
w -2656 320 -2832 320 0
w -2656 272 -2848 272 0
w -2864 224 -2656 224 0
w -3488 -224 -3488 -144 0
w -3488 -144 -3328 -144 0
w -3504 -160 -3504 -176 0
w -3504 -176 -3328 -176 0
w -3520 -96 -3520 -208 0
w -3520 -208 -3328 -208 0
w -2816 1040 -2816 368 0
w -2832 1600 -2832 320 0
w -2848 1568 -2848 272 0
w -2864 1536 -2864 224 0
w -2880 1504 -2880 176 0
w -3392 48 -3360 48 0
w -3392 1168 -3328 1168 0
L -4048 -352 -4048 -384 0 0 false 5 0
x -4062 -404 -4048 -401 4 12 A4
x -3870 -404 -3856 -401 4 12 B4
L -3856 -352 -3856 -384 0 0 false 5 0
w -3952 160 -3952 224 0
150 -3648 304 -3552 304 0 2 0 5
w -3856 -48 -3856 288 0
w -3648 288 -3856 288 0
w -3648 320 -3952 320 0
w -3552 304 -3472 304 0
w -3472 304 -3472 -112 0
w -3472 -112 -3328 -112 0
150 -3648 -32 -3552 -32 0 2 0 5
w -3552 -32 -3552 -240 0
w -3552 -240 -3328 -240 0
w -3952 224 -3952 320 0
w -3648 -48 -3856 -48 0
w -3648 -16 -3920 -16 0
w -3920 -112 -3920 -16 0
w -3856 -48 -3856 -352 0
w -3232 -80 -3184 -80 0
w -3424 256 -3424 288 0
w -3424 288 -3328 288 0
150 -3648 864 -3552 864 0 2 0 5
150 -3648 608 -3552 608 0 2 0 5
150 -3648 672 -3552 672 0 2 0 5
150 -3648 736 -3552 736 0 2 0 5
150 -3648 800 -3552 800 0 2 0 5
w -3472 448 -3328 448 0
w -3472 864 -3472 448 0
w -3408 480 -3328 480 0
w -3408 800 -3408 480 0
w -3424 512 -3328 512 0
w -3424 736 -3424 512 0
w -3552 736 -3424 736 0
w -3440 544 -3328 544 0
w -3440 672 -3440 544 0
w -3552 672 -3440 672 0
w -3456 576 -3328 576 0
w -3456 608 -3456 576 0
w -3552 608 -3456 608 0
w -3552 800 -3408 800 0
w -3552 864 -3472 864 0
w -3856 288 -3856 880 0
w -3648 592 -3984 592 0
w -3648 656 -3984 656 0
w -3648 720 -3984 720 0
w -3648 784 -3984 784 0
w -3648 848 -3984 848 0
w -3984 720 -3984 784 0
w -3984 784 -3984 848 0
w -3648 880 -3856 880 0
w -3648 624 -3728 624 0
w -3648 688 -3760 688 0
w -3648 752 -3792 752 0
w -3648 816 -3824 816 0
150 -3648 1360 -3552 1360 0 2 0 5
150 -3648 1296 -3552 1296 0 2 0 5
150 -3648 1232 -3552 1232 0 2 0 5
150 -3648 1168 -3552 1168 0 2 0 5
150 -3648 1424 -3552 1424 0 2 0 5
w -3472 1424 -3552 1424 0
w -3472 1008 -3328 1008 0
w -3472 1424 -3472 1008 0
w -3408 1040 -3328 1040 0
w -3408 1360 -3408 1040 0
w -3424 1072 -3328 1072 0
w -3424 1296 -3424 1072 0
w -3552 1296 -3424 1296 0
w -3440 1104 -3328 1104 0
w -3440 1232 -3440 1104 0
w -3552 1232 -3440 1232 0
w -3456 1136 -3328 1136 0
w -3456 1168 -3456 1136 0
w -3552 1168 -3456 1168 0
w -3552 1360 -3408 1360 0
w -3648 1152 -3728 1152 0
w -3648 1216 -3760 1216 0
w -3648 1280 -3792 1280 0
w -3648 1344 -3824 1344 0
w -3648 1408 -3856 1408 0
w -3856 880 -3856 1408 0
w -3648 1184 -4016 1184 0
w -3648 1248 -4016 1248 0
w -3648 1312 -4016 1312 0
w -3648 1376 -4016 1376 0
w -3648 1440 -4016 1440 0
w -4016 1248 -4016 1312 0
w -4016 1312 -4016 1376 0
w -4016 1376 -4016 1440 0
196 -3328 1408 -3216 1408 2 5
w -3648 1872 -4048 1872 0
w -3648 1808 -4048 1808 0
w -3648 1744 -4048 1744 0
w -3648 1904 -3824 1904 0
w -3648 1840 -3792 1840 0
w -3648 1776 -3760 1776 0
w -3648 1712 -3728 1712 0
w -3552 1920 -3408 1920 0
w -3552 1728 -3456 1728 0
w -3456 1728 -3456 1696 0
w -3456 1696 -3328 1696 0
w -3552 1792 -3440 1792 0
w -3440 1792 -3440 1664 0
w -3440 1664 -3328 1664 0
w -3552 1856 -3424 1856 0
w -3424 1856 -3424 1632 0
w -3424 1632 -3328 1632 0
w -3408 1920 -3408 1600 0
w -3408 1600 -3328 1600 0
w -3472 1984 -3472 1568 0
w -3472 1568 -3328 1568 0
150 -3648 1728 -3552 1728 0 2 0 5
150 -3648 1792 -3552 1792 0 2 0 5
150 -3648 1856 -3552 1856 0 2 0 5
150 -3648 1920 -3552 1920 0 2 0 5
w -3392 1728 -3328 1728 0
w -3648 2000 -4048 2000 0
w -3648 1968 -3856 1968 0
150 -3648 1984 -3552 1984 0 2 0 5
w -3552 1984 -3472 1984 0
w -4048 -352 -4048 1744 0
w -3728 1152 -3728 1712 0
w -3760 1216 -3760 1776 0
w -3792 1280 -3792 1840 0
w -3824 1344 -3824 1904 0
w -3856 1408 -3856 1968 0
w -3648 1936 -4048 1936 0
w -4048 1744 -4048 1808 0
w -4048 1808 -4048 1872 0
w -4048 1872 -4048 1936 0
w -4048 1936 -4048 2000 0
x -2645 110 -2631 113 4 12 S8
M -2656 128 -2624 128 0 2.5
x -2645 62 -2631 65 4 12 S9
M -2656 80 -2624 80 0 2.5
w -3232 1408 -2912 1408 0
w -3232 1568 -2848 1568 0
w -3232 1536 -2864 1536 0
w -3232 1504 -2880 1504 0
w -3232 1472 -2896 1472 0
w -3232 1600 -2832 1600 0
w -2896 1472 -2896 128 0
w -2656 128 -2896 128 0
w -2912 1408 -2912 80 0
w -2656 80 -2912 80 0
w -3424 256 -3120 256 0
w -3328 240 -3136 240 0
w -3344 224 -3152 224 0
w -3360 208 -3168 208 0
w -3376 192 -3184 192 0
w -3344 976 -3328 976 0
w -3344 1536 -3328 1536 0
w -3120 -272 -3120 256 0
w -3136 -208 -3136 240 0
w -3152 -176 -3152 224 0
w -3344 224 -3344 352 0
w -3344 352 -3328 352 0
w -3360 208 -3360 384 0
w -3360 384 -3328 384 0
w -3376 192 -3376 416 0
w -3376 416 -3328 416 0
w -3168 -144 -3168 208 0
w -3184 -80 -2976 -80 0
w -3328 800 -3328 880 0
w -3392 608 -3392 1168 0
w -3424 816 -3424 848 0
w -3424 848 -3328 848 0
w -3344 784 -3344 912 0
w -3344 912 -3328 912 0
w -3360 768 -3360 944 0
w -3376 752 -3376 976 0
w -3232 288 -3120 288 0
w -3232 448 -3184 448 0
w -3232 416 -3168 416 0
w -3232 384 -3152 384 0
w -3232 352 -3136 352 0
w -3232 480 -3072 480 0
w -3424 816 -3120 816 0
w -3328 800 -3136 800 0
w -3344 784 -3152 784 0
w -3360 768 -3168 768 0
w -3376 752 -3184 752 0
w -3120 288 -3120 816 0
w -3136 352 -3136 800 0
w -3152 384 -3152 784 0
w -3168 416 -3168 768 0
w -3184 448 -3184 752 0
w -3360 944 -3328 944 0
w -3376 976 -3344 976 0
w -3328 1360 -3328 1440 0
w -3392 1168 -3392 1728 0
w -3424 1376 -3424 1408 0
w -3424 1408 -3328 1408 0
w -3344 1344 -3344 1472 0
w -3344 1472 -3328 1472 0
w -3360 1328 -3360 1504 0
w -3376 1312 -3376 1536 0
w -3232 848 -3120 848 0
w -3232 1008 -3184 1008 0
w -3232 976 -3168 976 0
w -3232 944 -3152 944 0
w -3232 912 -3136 912 0
w -3232 1040 -2976 1040 0
w -3424 1376 -3120 1376 0
w -3328 1360 -3136 1360 0
w -3344 1344 -3152 1344 0
w -3360 1328 -3168 1328 0
w -3376 1312 -3184 1312 0
w -3120 848 -3120 1376 0
w -3136 912 -3136 1360 0
w -3152 944 -3152 1344 0
w -3168 976 -3168 1328 0
w -3184 1008 -3184 1312 0
w -3360 1504 -3328 1504 0
w -3376 1536 -3344 1536 0
w -2976 1040 -2816 1040 0
w -3232 -112 -3184 -112 0
