$ 1 0.000005 10.20027730826997 50 5 50 5e-11
x -103 -46 215 -43 4 12 circuito\s(IMPLICAÇÃO)\sde\s2\sentradas\susando\s(NOT)\se\s(OR)
152 256 80 368 80 0 2 5 5
x 126 34 186 37 4 12 entrada\s(A)
L 192 48 144 48 0 1 false 5 0
L 192 112 144 112 0 1 false 5 0
x 126 98 186 101 4 12 entrada\s(B)
w 192 112 256 112 0
x -36 -20 -28 -17 6 12 A
M 368 80 416 80 0 2.5
x 399 65 428 68 4 12 saída
I 192 48 256 48 0 0.5 5
w 256 48 256 64 0
w 256 96 256 112 0
x -21 -21 -7 -18 4 12 |\sB
x -46 -23 -43 -20 4 12 (
x -2 -22 1 -19 4 12 )
