$ 1 0.000005 10.20027730826997 50 5 50 5e-11
x 178 104 509 107 4 12 circuito\s(MEIO\sSUBTRATROR)\susando\s(AND),\s(NOT)\se\s(XOR)
154 528 224 624 224 0 2 0 5
150 528 320 624 320 0 2 0 5
I 464 336 528 336 0 0.5 5
x 264 289 324 292 4 12 entrada\s(B)
x 265 193 325 196 4 12 entrada\s(A)
L 384 304 288 304 0 1 false 5 0
L 384 208 288 208 0 1 false 5 0
w 464 304 528 304 0
w 464 304 464 240 0
w 464 240 528 240 0
w 384 304 464 304 0
w 384 208 528 208 0
w 464 336 384 336 0
w 384 336 384 208 0
x 672 207 694 210 4 12 sum
M 624 224 688 224 0 2.5
M 624 320 688 320 0 2.5
x 672 303 698 306 4 12 carry
