$ 1 0.000005 10.20027730826997 50 5 50 5e-11
x 1075 403 1134 406 4 24 A\s>\sB
x 1075 179 1134 182 4 24 A\s<\sB
x 1075 -29 1134 -26 4 24 A\s\q\sB
M 1056 432 1104 432 0 1.5
M 1056 208 1104 208 0 1.5
M 1056 0 1104 0 0 1.5
w 944 208 1056 208 0
w 784 0 1056 0 0
w 704 432 784 432 0
w 784 192 784 0 0
w 784 224 784 432 0
154 784 208 880 208 0 2 5 5
I 880 208 944 208 0 0.5 5
w 784 432 1056 432 0
w 480 0 784 0 0
w 576 448 624 448 0
w 576 480 576 448 0
w 528 480 576 480 0
w 576 416 624 416 0
w 576 384 576 416 0
w 528 384 576 384 0
w 528 304 624 304 0
w 624 432 624 304 0
w -48 -96 -160 -96 0
w -48 512 -48 -96 0
w 448 512 -48 512 0
w -112 176 -64 176 0
w -112 496 -112 176 0
w 384 496 -112 496 0
w -160 -144 -16 -144 0
w -16 400 -16 -144 0
w 448 400 -16 400 0
w -96 128 -96 384 0
w 384 384 -96 384 0
w 336 16 384 16 0
w 352 -16 384 -16 0
w 352 464 448 464 0
w 352 -16 352 464 0
w 368 -176 384 -176 0
w 368 448 448 448 0
w 368 368 368 448 0
w 368 368 448 368 0
w 368 -176 368 368 0
w 80 -160 160 -160 0
w 64 -192 160 -192 0
w 64 320 64 -192 0
w 448 320 64 320 0
w 80 288 384 288 0
w 80 288 80 -160 0
I 384 496 448 496 0 0.5 5
I 384 384 448 384 0 0.5 5
I 384 288 448 288 0 0.5 5
152 624 432 704 432 0 3 0 5
150 448 480 528 480 0 4 0 5
150 448 384 528 384 0 3 0 5
150 448 304 528 304 0 2 0 5
x -419 -269 -157 -266 4 24 circuito\scomparador\s3\sbit
w -64 96 160 96 0
w -64 176 -64 96 0
w -160 176 -112 176 0
w -48 -96 96 -96 0
w 96 64 96 -96 0
w 160 64 96 64 0
w -96 -48 160 -48 0
w -96 128 -96 -48 0
w -160 128 -96 128 0
w 160 -144 -16 -144 0
w 160 -80 160 -144 0
w -112 -160 80 -160 0
w -112 80 -112 -160 0
w -160 80 -112 80 0
w 64 -192 -160 -192 0
w 320 16 336 16 0
w 320 80 320 16 0
w 320 -16 352 -16 0
w 320 -64 320 -16 0
w 320 -176 368 -176 0
w 384 0 384 -176 0
L -160 80 -208 80 0 0 false 5 0
L -160 128 -208 128 0 0 false 5 0
L -160 176 -208 176 0 0 false 5 0
x -225 61 -211 64 4 12 B2
x -224 109 -210 112 4 12 B1
x -225 157 -211 160 4 12 B0
x -225 -115 -211 -112 4 12 A0
x -224 -163 -210 -160 4 12 A1
x -225 -211 -211 -208 4 12 A2
L -160 -96 -208 -96 0 0 false 5 0
L -160 -144 -208 -144 0 0 false 5 0
L -160 -192 -208 -192 0 0 false 5 0
150 384 0 480 0 0 3 5 5
I 256 80 320 80 0 0.5 5
I 256 -64 320 -64 0 0.5 5
I 256 -176 320 -176 0 0.5 5
154 160 80 256 80 0 2 0 5
154 160 -64 256 -64 0 2 0 5
154 160 -176 256 -176 0 2 0 5
