$ 1 0.000005 10.20027730826997 50 5 50 5e-11
L -592 -48 -656 -48 0 1 false 5 0
x -679 -63 -619 -60 4 12 entrada\s(A)
x -679 1 -619 4 4 12 entrada\s(B)
L -592 16 -656 16 0 1 false 5 0
w -224 64 -224 16 0
M 96 112 160 112 0 2.5
M 64 0 128 0 0 2.5
x 114 -15 136 -12 4 12 sum
x 147 97 173 100 4 12 carry
x -702 -163 -433 -160 4 12 circuito\s(SOMADOR\sCOMPLETO)\susando\s(NAND)
151 -544 -16 -448 -16 0 2 0 5
151 -448 32 -352 32 0 2 5 5
151 -448 -64 -352 -64 0 2 5 5
151 -352 -16 -256 -16 0 2 0 5
w -448 -16 -448 -48 0
w -448 16 -448 -16 0
w -352 -32 -352 -64 0
w -352 32 -352 0 0
w -32 48 -32 16 0
w -32 -16 -32 -48 0
w -128 32 -128 0 0
w -128 0 -128 -32 0
151 -32 0 64 0 0 2 5 5
151 -128 -48 -32 -48 0 2 5 5
151 -128 48 -32 48 0 2 0 5
151 -224 0 -128 0 0 2 5 5
w -592 -80 -448 -80 0
w -592 48 -448 48 0
w -592 -48 -592 -80 0
w -592 48 -592 16 0
w -592 -32 -592 -48 0
w -592 -32 -544 -32 0
w -592 16 -592 0 0
w -592 0 -544 0 0
w -256 -16 -224 -16 0
w -224 -16 -224 -64 0
w -224 -64 -128 -64 0
L -592 80 -656 80 0 1 false 5 0
x -663 64 -648 67 4 12 cin
w -224 64 -128 64 0
w -224 80 -224 64 0
w -592 80 -224 80 0
151 0 112 96 112 0 2 5 5
w -128 96 -128 32 0
w 0 96 -128 96 0
w -448 128 -448 16 0
w 0 128 -448 128 0
