$ 1 0.000005 10.20027730826997 50 5 50 5e-11
x -91 -76 111 -73 4 18 circuito\sparidade\spar\s4\sbit
M 400 176 448 176 0 1.5
L -16 160 -64 160 0 0 false 5 0
L 32 96 -64 96 0 0 false 5 0
L 64 32 -64 32 0 0 false 5 0
w 176 128 176 160 0
w 176 96 240 96 0
w 176 64 176 96 0
154 240 112 336 112 0 2 0 5
154 80 64 176 64 0 2 0 5
x -90 16 -75 19 4 12 D3
x -90 77 -75 80 4 12 D2
x -91 143 -76 146 4 12 D1
x 431 159 477 162 4 12 paridade
w 80 48 80 32 0
w 80 32 64 32 0
w 80 80 80 96 0
w 80 96 32 96 0
w -16 160 -16 128 0
w 80 128 80 144 0
x -91 207 -76 210 4 12 D0
L -32 224 -64 224 0 0 false 5 0
154 80 160 176 160 0 2 0 5
w 80 176 80 192 0
w 0 128 80 128 0
w -16 224 -16 192 0
w -16 192 80 192 0
w 176 128 240 128 0
x 431 207 446 210 4 12 D3
M 400 224 448 224 0 1.5
x 431 255 446 258 4 12 D2
M 400 272 448 272 0 1.5
x 431 303 446 306 4 12 D1
M 400 320 448 320 0 1.5
x 431 351 446 354 4 12 D0
M 400 368 448 368 0 1.5
w 400 176 400 112 0
w 336 112 400 112 0
w 400 224 64 224 0
w 64 224 64 32 0
w 400 272 32 272 0
w 32 272 32 96 0
w 400 320 0 320 0
w 0 320 0 128 0
w 400 368 -32 368 0
w -32 368 -32 224 0
w -16 128 0 128 0
w -16 224 -32 224 0
w 768 288 832 288 0
w 576 352 672 352 0
w 576 400 576 352 0
w 576 304 672 304 0
w 672 336 672 352 0
154 672 320 768 320 0 2 0 5
w 960 224 960 272 0
w 928 272 960 272 0
w 960 112 960 192 0
154 960 208 1056 208 0 2 0 5
w 576 320 576 304 0
w 672 256 608 256 0
w 672 240 672 256 0
x 1087 191 1108 194 4 12 erro
154 672 224 768 224 0 2 0 5
154 832 272 928 272 0 2 0 5
w 768 224 768 256 0
w 768 256 832 256 0
w 768 288 768 320 0
M 1056 208 1104 208 0 1.5
w 400 368 400 400 0
w 400 400 576 400 0
w 400 320 400 336 0
w 400 336 576 336 0
w 576 320 576 336 0
w 400 272 400 288 0
w 400 288 608 288 0
w 608 256 608 288 0
w 400 224 400 240 0
w 400 240 640 240 0
w 672 208 640 208 0
w 640 208 640 240 0
w 400 112 960 112 0
