$ 1 0.000005 10.20027730826997 50 5 50 5e-11
x -223 -70 -21 -67 4 18 circuito\sparidade\spar\s5\sbit
M 224 320 304 320 0 1.5
L -128 208 -176 208 0 0 false 5 0
L -64 144 -176 144 0 0 false 5 0
L -48 80 -176 80 0 0 false 5 0
w 64 144 128 144 0
w 64 112 64 144 0
154 128 160 224 160 0 2 0 5
154 -32 112 64 112 0 2 0 5
x -202 64 -187 67 4 12 D4
x -202 125 -187 128 4 12 D3
x -203 191 -188 194 4 12 D2
x 287 303 333 306 4 12 paridade
w -32 96 -32 80 0
w -32 80 -48 80 0
w -32 128 -32 144 0
w -32 144 -64 144 0
w -128 208 -128 176 0
w -32 176 -32 192 0
x -203 255 -188 258 4 12 D1
L -144 272 -176 272 0 0 false 5 0
154 -32 208 64 208 0 2 0 5
w -32 224 -32 240 0
w -80 176 -32 176 0
w -128 272 -128 240 0
w -96 240 -32 240 0
w -128 176 -80 176 0
w -128 272 -144 272 0
L -112 336 -176 336 0 0 false 5 0
x -203 319 -188 322 4 12 D0
154 64 240 160 240 0 2 0 5
w -112 336 64 336 0
w 64 208 64 224 0
w 160 240 160 208 0
w 160 208 128 208 0
w 128 176 128 208 0
w 64 256 64 336 0
w -128 240 -96 240 0
w 256 512 -96 512 0
w 256 464 -80 464 0
w 256 416 -64 416 0
w 256 368 -48 368 0
M 256 512 304 512 0 1.5
x 287 495 302 498 4 12 D1
M 256 464 304 464 0 1.5
x 287 447 302 450 4 12 D2
M 256 416 304 416 0 1.5
x 287 399 302 402 4 12 D3
M 256 368 304 368 0 1.5
x 287 351 302 354 4 12 D4
w 224 320 224 160 0
x 287 543 302 546 4 12 D0
M 256 560 304 560 0 1.5
w 256 560 -112 560 0
w -48 368 -48 80 0
w -64 416 -64 144 0
w -80 464 -80 176 0
w -96 512 -96 240 0
w -112 560 -112 336 0
w 816 352 816 416 0
w 784 416 816 416 0
w 816 288 816 320 0
154 816 336 912 336 0 2 0 5
w 432 496 464 496 0
w 624 512 624 592 0
w 688 432 688 464 0
w 720 464 688 464 0
w 720 496 720 464 0
w 624 464 624 480 0
w 432 592 624 592 0
154 624 496 720 496 0 2 0 5
w 432 528 416 528 0
w 464 496 528 496 0
w 432 528 432 496 0
w 432 448 528 448 0
w 528 480 528 496 0
154 528 464 624 464 0 2 0 5
w 432 480 432 448 0
w 528 400 496 400 0
w 528 384 528 400 0
w 528 336 496 336 0
w 528 352 528 336 0
x 959 319 980 322 4 12 erro
154 528 368 624 368 0 2 0 5
154 688 416 784 416 0 2 0 5
w 624 368 624 400 0
w 624 400 688 400 0
M 912 336 976 336 0 1.5
w 256 560 256 592 0
w 256 592 432 592 0
w 256 512 256 528 0
w 256 528 416 528 0
w 256 464 256 480 0
w 256 480 432 480 0
w 256 416 256 432 0
w 256 432 496 432 0
w 496 400 496 432 0
w 256 368 256 384 0
w 256 384 496 384 0
w 496 336 496 384 0
w 224 160 816 160 0
w 816 160 816 288 0
