$ 1 0.000005 10.20027730826997 50 5 50 5e-11
x 723 227 782 230 4 24 A\s>\sB
x 723 3 782 6 4 24 A\s<\sB
x 723 -205 782 -202 4 24 A\s\q\sB
M 704 256 752 256 0 1.5
M 704 32 752 32 0 1.5
M 704 -176 752 -176 0 1.5
w 592 32 704 32 0
w 432 -176 704 -176 0
w 432 16 432 -176 0
w 432 48 432 256 0
154 432 32 528 32 0 2 5 5
I 528 32 592 32 0 0.5 5
w 432 256 704 256 0
w 272 -224 288 -224 0
w -16 -208 64 -208 0
w -64 -240 64 -240 0
w -64 272 -64 -240 0
w 352 272 -64 272 0
w -16 240 288 240 0
w -16 240 -16 -208 0
I 288 240 352 240 0 0.5 5
150 352 256 432 256 0 2 0 5
x -515 -317 -253 -314 4 24 circuito\scomparador\s1\sbit
w -208 -208 -16 -208 0
w -208 -176 -208 -208 0
w -256 -176 -208 -176 0
w -64 -240 -256 -240 0
w 224 -224 272 -224 0
w 288 -176 288 -224 0
L -256 -176 -304 -176 0 0 false 5 0
x -321 -195 -307 -192 4 12 B1
x -321 -259 -307 -256 4 12 A1
L -256 -240 -304 -240 0 0 false 5 0
I 160 -224 224 -224 0 0.5 5
154 64 -224 160 -224 0 2 0 5
w 288 -176 432 -176 0
