$ 1 0.000005 10.20027730826997 50 5 50 5e-11
x -533 -211 -217 -208 4 12 circuito\s(A\sor\s(B\sand\sD)\sor\s(B\sand\sC))\susando\s(\sAND)\se\s(OR)
150 -240 0 -144 0 0 2 5 5
152 -240 -96 -144 -96 0 2 5 5
150 -96 64 0 64 0 2 5 5
x -455 -47 -395 -44 4 12 entrada\s(C)
L -368 -32 -432 -32 0 1 false 5 0
L -368 -80 -432 -80 0 1 false 5 0
x -455 -95 -395 -92 4 12 entrada\s(B)
x -455 -143 -395 -140 4 12 entrada\s(A)
L -368 -128 -432 -128 0 1 false 5 0
L -368 16 -432 16 0 1 false 5 0
x -455 1 -395 4 4 12 entrada\s(D)
w -304 -112 -240 -112 0
w -304 -112 -304 -128 0
w -368 -128 -304 -128 0
w -304 -16 -240 -16 0
w -304 16 -240 16 0
w -304 -80 -304 -16 0
w -368 -80 -336 -80 0
w -368 16 -304 16 0
w -144 0 -144 -48 0
w -240 -48 -144 -48 0
w -240 -80 -240 -48 0
x -453 -185 -333 -182 4 12 (\sA\s|\s(B\s\a\sD)\s|\s(B\s\a\sC)\s)
w -144 -96 -80 -96 0
152 -80 -80 16 -80 0 2 5 5
w -336 -80 -336 48 0
w -336 -80 -304 -80 0
w -336 48 -96 48 0
w -368 -32 -368 80 0
w -368 80 -96 80 0
w 0 64 0 -32 0
w -80 -32 0 -32 0
w -80 -64 -80 -32 0
M 16 -80 80 -80 0 2.5
