$ 1 0.000005 10.20027730826997 50 5 50 5e-11
154 160 -80 256 -80 0 2 0 5
154 160 32 256 32 0 2 0 5
154 160 176 256 176 0 2 0 5
154 160 288 256 288 0 2 0 5
I 256 -80 320 -80 0 0.5 5
I 256 32 320 32 0 0.5 5
I 256 176 320 176 0 0.5 5
I 256 288 320 288 0 0.5 5
150 416 96 512 96 0 5 5 5
L -160 -96 -208 -96 0 0 false 5 0
L -160 -48 -208 -48 0 0 false 5 0
L -160 0 -208 0 0 0 false 5 0
L -160 48 -208 48 0 0 false 5 0
x -225 -115 -211 -112 4 12 A4
x -224 -67 -210 -64 4 12 A3
x -225 -19 -211 -16 4 12 A2
x -225 29 -211 32 4 12 A1
x -225 317 -211 320 4 12 B1
x -225 269 -211 272 4 12 B2
x -224 221 -210 224 4 12 B3
x -225 173 -211 176 4 12 B4
L -160 336 -208 336 0 0 false 5 0
L -160 288 -208 288 0 0 false 5 0
L -160 240 -208 240 0 0 false 5 0
L -160 192 -208 192 0 0 false 5 0
w 416 64 416 -80 0
w 320 -80 368 -80 0
w 320 32 320 80 0
w 320 80 352 80 0
w 416 128 416 288 0
w 320 288 416 288 0
w 320 176 320 112 0
w 320 112 336 112 0
w 64 -96 -160 -96 0
w -160 192 -112 192 0
w -112 192 -112 -64 0
w -112 -64 80 -64 0
w 160 16 160 -48 0
w 160 -48 -16 -48 0
w -160 240 -96 240 0
w -96 240 -96 48 0
w -96 48 160 48 0
w 160 160 96 160 0
w 96 160 96 0 0
w -48 0 96 0 0
w -160 288 -112 288 0
w -64 272 -64 192 0
w -64 192 160 192 0
w 160 272 16 272 0
w 16 272 16 80 0
w -160 48 -160 80 0
w -160 80 -80 80 0
w -160 336 160 336 0
w 160 336 160 304 0
x -419 -173 -157 -170 4 24 circuito\scomparador\s5\sbit
150 448 464 528 464 0 2 0 5
150 448 544 528 544 0 3 0 5
150 448 640 528 640 0 4 0 5
150 448 752 528 752 0 5 0 5
152 624 592 704 592 0 5 0 5
I 384 448 448 448 0 0.5 5
I 384 544 448 544 0 0.5 5
I 384 656 448 656 0 0.5 5
I 384 768 448 768 0 0.5 5
w 80 448 80 -64 0
w 80 448 384 448 0
w 448 480 64 480 0
w 64 480 64 -96 0
w 64 -96 160 -96 0
w 80 -64 160 -64 0
w 368 -80 368 528 0
w 368 528 448 528 0
w 368 528 368 608 0
w 368 608 448 608 0
w 448 720 368 720 0
w 368 608 368 720 0
w 368 -80 416 -80 0
w 352 80 352 624 0
w 352 624 448 624 0
w 352 624 352 736 0
w 352 736 448 736 0
w 352 80 416 80 0
w 336 112 336 752 0
w 336 752 448 752 0
w 336 112 416 112 0
w 384 544 -96 544 0
w -96 240 -96 544 0
w 448 560 -16 560 0
w -16 560 -16 -48 0
w -160 -48 -16 -48 0
w 384 656 -112 656 0
w -112 656 -112 288 0
w -112 272 -64 272 0
w 448 672 -48 672 0
w -48 672 -48 0 0
w -48 0 -160 0 0
w 384 768 -160 768 0
w -160 768 -160 336 0
w -80 80 -80 784 0
w -80 784 448 784 0
w 624 560 624 464 0
w 528 464 624 464 0
w 624 624 624 752 0
w 528 752 624 752 0
w 528 544 576 544 0
w 576 544 576 576 0
w 576 576 624 576 0
w 528 640 576 640 0
w 576 640 576 608 0
w 576 608 624 608 0
w 512 96 784 96 0
w 784 528 1056 528 0
I 880 304 944 304 0 0.5 5
154 784 304 880 304 0 2 5 5
w 784 320 784 528 0
w 784 288 784 96 0
w 704 592 784 592 0
w 784 96 1056 96 0
w 944 304 1056 304 0
w -80 80 16 80 0
M 1056 96 1104 96 0 1.5
M 1056 304 1104 304 0 1.5
M 1056 528 1104 528 0 1.5
x 1075 67 1134 70 4 24 A\s\q\sB
x 1075 275 1134 278 4 24 A\s<\sB
x 1075 499 1134 502 4 24 A\s>\sB
x -225 77 -211 80 4 12 A0
L -144 96 -208 96 0 0 false 5 0
L -176 384 -208 384 0 0 false 5 0
x -225 365 -211 368 4 12 B0
w -112 272 -112 288 0
I 272 384 320 384 0 0.5 5
154 176 384 272 384 0 2 0 5
w 176 368 112 368 0
w 112 368 112 96 0
w -144 96 112 96 0
w -176 384 176 384 0
w 176 384 176 400 0
w 320 384 400 384 0
w 400 384 400 96 0
w 400 96 416 96 0
150 448 880 528 880 0 6 0 5
w 528 880 560 880 0
w 560 880 560 592 0
w 560 592 624 592 0
w 784 592 784 528 0
I 384 912 448 912 0 0.5 5
w 368 720 368 832 0
w 368 832 448 832 0
w 352 736 352 848 0
w 352 848 448 848 0
w 336 752 336 864 0
w 336 864 448 864 0
w 448 896 320 896 0
w 320 896 320 288 0
w 384 912 -176 912 0
w -176 384 -176 912 0
w 448 928 -144 928 0
w -144 96 -144 928 0
