$ 1 0.000005 10.20027730826997 50 5 50 5e-11
L -816 64 -816 16 0 0 false 5 0
L -864 64 -864 16 0 0 false 5 0
L -912 64 -912 16 0 0 false 5 0
x -833 -3 -819 0 4 12 A0
x -880 -3 -866 0 4 12 A1
x -929 -3 -915 0 4 12 A2
x -641 -3 -627 0 4 12 B0
x -688 -3 -674 0 4 12 B1
x -737 -3 -723 0 4 12 B2
L -624 64 -624 16 0 0 false 5 0
L -672 64 -672 16 0 0 false 5 0
L -720 64 -720 16 0 0 false 5 0
154 -560 80 -464 80 0 2 0 5
150 -560 192 -464 192 0 2 0 5
I -400 240 -336 240 0 0.5 5
150 -560 304 -464 304 0 2 0 5
w -560 64 -672 64 0
w -672 64 -672 112 0
w -560 96 -864 96 0
w -864 64 -864 96 0
w -560 176 -672 176 0
w -672 112 -672 176 0
w -560 208 -864 208 0
w -864 96 -864 208 0
w -560 288 -624 288 0
w -624 64 -624 240 0
w -560 320 -816 320 0
w -816 64 -816 256 0
150 -336 96 -240 96 0 2 0 5
150 -336 208 -240 208 0 2 0 5
w -464 80 -336 80 0
w -464 304 -432 304 0
w -432 304 -432 112 0
w -432 112 -336 112 0
w -416 192 -336 192 0
w -400 240 -624 240 0
w -336 224 -336 240 0
w -624 240 -624 288 0
154 -160 112 -64 112 0 2 0 5
w -224 96 -160 96 0
w -336 192 -336 144 0
w -336 144 -192 144 0
w -160 144 -160 128 0
150 -16 128 80 128 0 2 0 5
w -64 112 -16 112 0
w 80 128 128 128 0
150 -560 416 -464 416 0 2 0 5
150 -560 528 -464 528 0 2 0 5
150 -560 640 -464 640 0 2 0 5
w -560 400 -912 400 0
w -912 64 -912 400 0
w -720 64 -720 432 0
w -720 432 -560 432 0
w -720 432 -720 512 0
w -560 512 -720 512 0
w -560 544 -816 544 0
w -816 320 -816 544 0
w -624 288 -624 624 0
w -624 624 -560 624 0
w -560 656 -912 656 0
w -912 400 -912 656 0
154 -16 432 80 432 0 2 0 5
w -464 416 -16 416 0
w -16 304 -16 144 0
w -16 304 -16 416 0
154 -384 576 -288 576 0 2 0 5
w -448 528 -384 528 0
w -384 528 -384 560 0
w -464 640 -384 640 0
w -384 592 -384 640 0
150 -192 560 -96 560 0 2 0 5
w -240 576 -192 576 0
w -192 544 -192 144 0
w -192 144 -160 144 0
w -96 560 -96 448 0
w -96 448 -16 448 0
w 192 464 192 480 0
150 192 448 288 448 0 2 0 5
I 128 480 192 480 0 0.5 5
w 80 432 192 432 0
w -224 96 -224 480 0
w 128 480 -224 480 0
w -240 96 -224 96 0
I 320 496 384 496 0 0.5 5
150 384 464 480 464 0 2 0 5
w 384 480 384 496 0
w 288 448 384 448 0
w 80 240 80 256 0
150 80 224 176 224 0 2 0 5
I 16 256 80 256 0 0.5 5
w -240 208 80 208 0
w 16 256 -816 256 0
w -816 256 -816 320 0
w 320 496 320 224 0
w 176 224 320 224 0
w 480 464 528 464 0
154 -560 752 -464 752 0 2 0 5
150 -560 864 -464 864 0 2 0 5
150 -560 976 -464 976 0 2 0 5
150 -560 1088 -464 1088 0 2 0 5
150 -560 1200 -464 1200 0 2 0 5
w -672 176 -672 736 0
w -672 736 -560 736 0
w -720 512 -720 768 0
w -720 768 -560 768 0
w -672 736 -672 848 0
w -672 848 -560 848 0
w -560 880 -912 880 0
w -912 656 -912 880 0
w -624 624 -624 960 0
w -624 960 -560 960 0
w -816 544 -816 992 0
w -560 992 -816 992 0
w -624 960 -624 1072 0
w -624 1072 -560 1072 0
w -864 704 -864 1104 0
w -864 1104 -560 1104 0
w -816 992 -816 1184 0
w -560 1184 -816 1184 0
w -672 848 -672 1216 0
w -560 1216 -672 1216 0
150 -192 736 -96 736 0 2 0 5
w -464 752 -192 752 0
w -192 704 -864 704 0
w -192 704 -192 720 0
w -864 704 -864 208 0
154 0 752 96 752 0 2 0 5
w -96 736 0 736 0
w -464 864 -192 864 0
w -192 864 -192 784 0
w -192 784 0 784 0
w 0 768 0 784 0
154 240 768 336 768 0 2 0 5
w 96 752 240 752 0
w 336 768 544 768 0
150 -272 976 -176 976 0 2 0 5
I -352 1008 -288 1008 0 0.5 5
w -288 1008 -288 992 0
w -288 992 -272 992 0
w -464 976 -464 1008 0
w -416 1008 -352 1008 0
w -416 192 -416 960 0
w -416 960 -272 960 0
w -464 192 -416 192 0
154 -112 960 -16 960 0 2 0 5
w -176 976 -112 976 0
w -448 528 -448 928 0
w -448 928 -112 928 0
w -112 928 -112 944 0
w -464 528 -448 528 0
150 64 976 160 976 0 2 0 5
w -16 960 64 960 0
w 48 992 64 992 0
w 48 1008 48 992 0
I -16 1008 48 1008 0 0.5 5
w -240 576 -240 896 0
w -240 896 -160 896 0
w -160 896 -160 1008 0
w -160 1008 -16 1008 0
w -288 576 -240 576 0
w 160 976 160 784 0
w 160 784 240 784 0
154 -352 1136 -256 1136 0 2 0 5
w -464 1088 -352 1088 0
w -352 1088 -352 1120 0
w -464 1200 -352 1200 0
w -352 1152 -352 1200 0
154 64 1120 160 1120 0 2 0 5
w 64 1104 64 960 0
w -384 640 -384 1056 0
w -384 1056 -160 1056 0
w -160 1056 -160 1136 0
w -160 1136 64 1136 0
w 160 1120 592 1120 0
w -256 1136 -256 1216 0
w -256 1216 640 1216 0
w -416 1008 -416 1264 0
w -416 1264 688 1264 0
w -464 1008 -416 1008 0
w 128 128 528 128 0
M 816 576 880 576 0 1.5
x 865 558 879 561 4 12 S5
x 865 606 879 609 4 12 S4
M 816 624 880 624 0 1.5
x 865 654 879 657 4 12 S3
M 816 672 880 672 0 1.5
x 865 702 879 705 4 12 S2
M 816 720 880 720 0 1.5
x 865 750 879 753 4 12 S1
M 816 768 880 768 0 1.5
x 865 798 879 801 4 12 S0
M 816 816 880 816 0 1.5
w 816 576 816 128 0
w 528 128 816 128 0
w 816 624 528 624 0
w 528 464 528 624 0
w 544 768 544 672 0
w 544 672 816 672 0
w 592 1120 592 720 0
w 592 720 816 720 0
w 640 1216 640 768 0
w 640 768 816 768 0
w 688 1264 688 816 0
w 688 816 816 816 0
x -1478 12 -1074 15 4 36 circuito\smultiplicador\s3\sbit
