$ 1 0.000005 10.20027730826997 50 5 50 5e-11
196 688 176 704 176 2 1
196 688 304 704 304 2 1
196 688 432 704 432 2 1
196 688 560 704 560 2 1
L 192 544 192 96 0 0 false 5 0
x 178 76 192 79 4 12 A3
x 338 76 352 79 4 12 B3
L 352 576 352 96 0 0 false 5 0
x 434 76 448 79 4 12 B0
L 448 128 448 96 0 0 false 5 0
x 402 76 416 79 4 12 B1
L 416 128 416 96 0 0 false 5 0
x 370 76 384 79 4 12 B2
L 384 128 384 96 0 0 false 5 0
x 274 76 288 79 4 12 A0
L 288 128 288 96 0 0 false 5 0
x 242 76 256 79 4 12 A1
L 256 128 256 96 0 0 false 5 0
x 210 76 224 79 4 12 A2
L 224 128 224 96 0 0 false 5 0
154 592 208 688 208 0 2 5 5
154 592 336 688 336 0 2 5 5
154 592 464 688 464 0 2 5 5
154 592 592 688 592 0 2 5 5
w 688 240 688 256 0
w 688 256 512 256 0
w 512 128 512 224 0
w 512 224 592 224 0
w 512 256 512 224 0
w 512 352 592 352 0
w 512 352 512 480 0
w 512 608 592 608 0
w 592 480 512 480 0
w 512 256 512 352 0
w 512 480 512 608 0
w 800 176 800 272 0
w 800 272 560 272 0
w 560 272 560 384 0
w 688 368 688 384 0
w 560 384 688 384 0
w 688 496 688 512 0
w 688 624 688 640 0
w 800 304 800 400 0
w 800 400 560 400 0
w 560 400 560 512 0
w 560 512 688 512 0
w 800 176 784 176 0
w 784 304 800 304 0
w 784 432 800 432 0
w 800 432 800 528 0
w 800 528 560 528 0
w 560 528 560 640 0
w 560 640 688 640 0
w 448 128 448 192 0
w 448 192 592 192 0
w 416 128 416 320 0
w 416 320 592 320 0
w 384 128 384 448 0
w 384 448 592 448 0
w 352 576 592 576 0
w 688 176 688 160 0
w 688 160 288 160 0
w 288 128 288 160 0
w 688 304 688 288 0
w 688 288 256 288 0
w 256 128 256 288 0
w 688 432 688 416 0
w 688 416 224 416 0
w 224 128 224 416 0
w 688 560 688 544 0
w 688 544 192 544 0
M 912 480 992 480 0 2.5
x 973 461 987 464 4 12 S0
x 973 413 987 416 4 12 S1
M 944 432 992 432 0 2.5
x 973 365 987 368 4 12 S2
M 960 384 992 384 0 2.5
x 973 317 987 320 4 12 S3
M 912 336 992 336 0 2.5
M 1008 560 1120 560 0 2.5
x 1096 545 1122 548 4 12 carry
w 784 240 832 240 0
w 832 240 832 480 0
w 832 480 912 480 0
w 784 368 848 368 0
w 848 368 848 432 0
w 848 432 944 432 0
w 784 496 864 496 0
w 864 496 864 384 0
w 864 384 960 384 0
w 784 560 880 560 0
w 880 560 1008 560 0
w 784 624 912 624 0
w 912 624 912 336 0
x 75 42 412 45 4 12 circuito\ssubtrator\sparalelo\sde\s4\sbit\susando\scomplemento\sde\sdois
x 1038 397 1065 400 4 12 (A-B)
R 512 128 512 80 0 0 40 5 0 0 0.5
