$ 1 0.000005 10.20027730826997 50 5 50 5e-11
x -103 -46 141 -43 4 12 circuito\s((A\sand\sB)\sor\sC)\susando\s(OR)\se\s(AND)
152 352 96 464 96 0 2 5 5
150 224 80 352 80 0 2 5 5
x 126 34 186 37 4 12 entrada\s(A)
L 192 48 144 48 0 1 false 5 0
L 192 112 144 112 0 1 false 5 0
x 126 98 186 101 4 12 entrada\s(B)
x 126 162 186 165 4 12 entrada\s(C)
L 192 176 144 176 0 1 false 5 0
w 192 48 224 48 0
w 192 112 224 112 0
w 224 48 224 64 0
w 224 112 224 96 0
w 304 112 352 112 0
w 304 176 304 112 0
w 192 176 304 176 0
x -36 -20 35 -17 4 12 (\s(A\s\a\sB)\s|\sC\s)
M 464 96 512 96 0 2.5
x 495 81 524 84 4 12 saída
