$ 1 0.000005 10.20027730826997 50 5 50 5e-11
x -142 -130 60 -127 4 18 circuito\sparidade\spar\s2\sbit
M 368 176 416 176 0 1.5
L -16 96 -96 96 0 0 false 5 0
L 16 32 -96 32 0 0 false 5 0
w 144 96 208 96 0
w 144 64 144 96 0
154 48 64 144 64 0 2 0 5
x -122 16 -107 19 4 12 D1
x -122 77 -107 80 4 12 D0
x 390 160 436 163 4 12 paridade
x 390 208 405 211 4 12 D1
M 368 224 416 224 0 1.5
x 390 256 405 259 4 12 D0
M 368 272 416 272 0 1.5
w 48 48 48 32 0
w 48 32 16 32 0
w 48 80 48 96 0
w 48 96 -16 96 0
w 208 96 368 96 0
w 368 96 368 176 0
w 368 224 16 224 0
w 16 224 16 32 0
w 368 272 -16 272 0
w -16 272 -16 96 0
w 912 256 912 288 0
w 784 288 912 288 0
w 912 176 912 224 0
154 912 240 1008 240 0 2 0 5
w 624 288 592 288 0
w 624 272 624 288 0
w 624 224 592 224 0
w 624 240 624 224 0
x 1039 223 1060 226 4 12 erro
154 624 256 720 256 0 2 0 5
w 720 256 720 288 0
w 720 288 784 288 0
M 1008 240 1056 240 0 1.5
w 368 272 368 320 0
w 368 320 592 320 0
w 368 224 368 192 0
w 368 192 592 192 0
w 592 192 592 224 0
w 592 288 592 320 0
w 368 96 912 96 0
w 912 96 912 176 0
