$ 1 0.000005 10.20027730826997 50 5 50 5e-11
154 400 160 496 160 0 2 0 5
154 544 208 640 208 0 2 5 5
150 544 304 640 304 0 2 5 5
150 544 384 640 384 0 2 0 5
150 544 464 640 464 0 2 0 5
I 480 400 544 400 0 0.5 5
I 480 480 544 480 0 0.5 5
152 688 384 784 384 0 3 5 5
x 169 304 184 307 4 12 cin
L 240 320 176 320 0 1 false 5 0
L 240 256 176 256 0 1 false 5 0
x 153 241 213 244 4 12 entrada\s(B)
x 153 177 213 180 4 12 entrada\s(A)
L 240 192 176 192 0 1 false 5 0
w 640 304 688 304 0
w 688 304 688 368 0
w 640 464 688 464 0
w 688 400 688 464 0
w 640 384 688 384 0
w 496 160 544 160 0
w 544 160 544 192 0
x 690 193 712 196 4 12 sum
M 640 208 704 208 0 2.5
x 835 369 861 372 4 12 carry
M 784 384 848 384 0 2.5
w 352 144 272 144 0
w 240 144 240 192 0
w 400 176 304 176 0
w 304 176 304 256 0
w 240 256 304 256 0
w 240 320 400 320 0
w 400 320 400 224 0
w 400 224 544 224 0
w 544 288 304 288 0
w 304 288 304 256 0
w 544 320 400 320 0
w 544 368 400 368 0
w 400 368 400 320 0
w 480 400 272 400 0
w 272 400 272 144 0
w 240 144 272 144 0
w 544 448 304 448 0
w 304 288 304 448 0
w 480 480 352 480 0
w 352 480 352 144 0
w 400 144 352 144 0
x 103 72 495 75 4 12 circuito\s(SUBTRATOR\sCOMPLETO)\susando\s(AND),\s(NOT),\s(OR)\se\s(XOR)
