$ 1 0.000005 10.20027730826997 50 5 50 5e-11
L -592 -48 -656 -48 0 1 false 5 0
x -679 -63 -619 -60 4 12 entrada\s(A)
x -679 1 -619 4 4 12 entrada\s(B)
L -592 16 -656 16 0 1 false 5 0
M -48 96 16 96 0 2.5
M -176 -48 -112 -48 0 2.5
x -126 -63 -104 -60 4 12 sum
x 3 81 29 84 4 12 carry
x -702 -163 -361 -160 4 12 circuito\s(SOMADOR\sCOMPLETO)\susando\s(XOR),\s(AND)\se\s(OR)
w -592 -48 -592 -96 0
w -560 -64 -416 -64 0
w -592 16 -592 0 0
w -592 0 -560 0 0
L -592 80 -656 80 0 1 false 5 0
x -663 64 -648 67 4 12 cin
154 -416 -80 -320 -80 0 2 0 5
154 -272 -48 -176 -48 0 2 5 5
150 -288 48 -192 48 0 2 0 5
150 -288 144 -192 144 0 2 5 5
152 -144 96 -48 96 0 2 5 5
w -512 -96 -416 -96 0
w -560 0 -560 -64 0
w -272 -80 -320 -80 0
w -272 -64 -272 -80 0
w -288 -16 -288 -32 0
w -288 -32 -272 -32 0
w -320 64 -288 64 0
w -320 64 -320 -80 0
w -592 80 -480 80 0
w -480 80 -480 0 0
w -480 0 -288 0 0
w -288 0 -288 -16 0
w -288 32 -288 0 0
w -512 128 -288 128 0
w -560 160 -288 160 0
w -560 160 -560 0 0
w -512 -96 -512 128 0
w -592 -96 -512 -96 0
w -192 48 -144 48 0
w -144 48 -144 80 0
w -144 112 -144 144 0
w -144 144 -192 144 0
