$ 1 0.000005 10.20027730826997 50 5 50 5e-11
x -600 -72 -505 -69 4 12 codificador\sde\s8-3
154 -144 80 -48 80 0 4 0 5
M -48 192 16 192 0 2.5
x 1 178 15 181 4 12 S1
M -48 80 16 80 0 2.5
x 1 66 15 69 4 12 S2
L -528 0 -528 -16 0 0 false 5 0
x -551 -31 -536 -28 4 12 D7
x -503 -31 -488 -28 4 12 D6
L -480 16 -480 -16 0 0 false 5 0
L -432 16 -432 -16 0 0 false 5 0
x -455 -31 -440 -28 4 12 D5
154 -144 192 -48 192 0 4 0 5
154 -144 304 -48 304 0 4 0 5
L -336 112 -336 -16 0 0 false 5 0
x -359 -31 -344 -28 4 12 D3
x -407 -31 -392 -28 4 12 D4
L -384 16 -384 -16 0 0 false 5 0
L -240 64 -240 -16 0 0 false 5 0
x -263 -31 -248 -28 4 12 D1
x -215 -31 -200 -28 4 12 D0
L -192 48 -192 -16 0 0 false 5 0
x -311 -31 -296 -28 4 12 D2
L -288 96 -288 -16 0 0 false 5 0
w -144 48 -192 48 0
w -144 64 -240 64 0
w -144 96 -288 96 0
w -144 112 -336 112 0
w -144 160 -192 160 0
w -192 48 -192 160 0
w -144 176 -240 176 0
w -240 64 -240 176 0
w -144 208 -384 208 0
w -384 16 -384 208 0
w -144 224 -432 224 0
w -432 16 -432 224 0
w -480 16 -480 336 0
w -480 336 -144 336 0
w -384 208 -384 320 0
w -384 320 -144 320 0
w -288 96 -288 288 0
w -288 288 -144 288 0
w -192 160 -192 272 0
w -192 272 -144 272 0
x 1 290 15 293 4 12 S0
M -48 304 16 304 0 2.5
