$ 1 0.000005 10.20027730826997 50 5 50 5e-11
L -192 32 -208 32 0 0 false 5 0
L -160 96 -208 96 0 0 false 5 0
x -234 17 -219 20 4 12 D3
x -235 81 -220 84 4 12 D2
x -379 -57 -284 -54 4 12 codificador\sde\s4-2
x -235 209 -220 212 4 12 D0
x -234 145 -219 148 4 12 D1
L -160 224 -208 224 0 0 false 5 0
L -160 160 -208 160 0 0 false 5 0
154 -80 128 16 128 0 2 0 5
154 -80 208 16 208 0 2 0 5
w -160 96 -128 96 0
w -80 144 -112 144 0
w -112 144 -112 224 0
w -160 224 -112 224 0
w -112 224 -80 224 0
w -160 160 -144 160 0
M 16 208 80 208 0 2.5
x 65 194 79 197 4 12 S0
M 16 128 80 128 0 2.5
x 65 114 79 117 4 12 S1
w -80 112 -144 112 0
w -144 112 -144 160 0
w -128 96 -128 192 0
w -128 192 -80 192 0
