$ 1 0.000005 10.20027730826997 50 5 50 5e-11
x 201 110 473 113 4 12 conversor\sde\scódigo\sgray\spara\scódigo\sbinário\s4-bits
154 432 256 544 256 0 2 0 5
154 544 320 656 320 0 2 5 5
154 656 384 768 384 0 2 0 5
x 213 369 273 372 4 12 entrada\s(D)
L 304 384 240 384 0 1 false 5 0
x 213 305 273 308 4 12 entrada\s(C)
L 304 320 240 320 0 1 false 5 0
L 304 192 240 192 0 1 false 5 0
L 304 256 240 256 0 1 false 5 0
x 214 177 274 180 4 12 entrada\s(A)
x 213 241 273 244 4 12 entrada\s(B)
x 769 370 783 373 4 12 B3
M 768 384 784 384 0 2.5
x 769 306 783 309 4 12 B2
M 720 320 784 320 0 2.5
x 769 178 783 181 4 12 B0
M 720 192 784 192 0 2.5
x 769 242 783 245 4 12 B1
M 720 256 784 256 0 2.5
w 720 192 384 192 0
w 432 240 384 240 0
w 384 240 384 192 0
w 304 192 384 192 0
w 720 256 544 256 0
w 544 304 544 272 0
w 544 272 544 256 0
w 656 320 720 320 0
w 432 272 304 272 0
w 304 256 304 272 0
w 304 320 480 320 0
w 480 320 480 336 0
w 480 336 544 336 0
w 656 368 656 320 0
w 656 400 352 400 0
w 304 384 352 384 0
w 352 384 352 400 0
