$ 1 0.000005 10.20027730826997 50 5 50 5e-11
x -93 29 179 32 4 12 conversor\sde\scódigo\sbinário\spara\scódigo\sgray\s4-bits
x -11 161 49 164 4 12 entrada\s(B)
x -10 97 50 100 4 12 entrada\s(A)
L 80 176 16 176 0 0 false 5 0
L 80 112 16 112 0 0 false 5 0
154 224 176 320 176 0 2 0 5
154 224 256 320 256 0 2 0 5
154 224 336 320 336 0 2 0 5
L 80 240 16 240 0 0 false 5 0
x -11 225 49 228 4 12 entrada\s(C)
L 80 304 16 304 0 0 false 5 0
x -11 289 49 292 4 12 entrada\s(D)
M 384 176 448 176 0 2.5
x 433 162 449 165 4 12 G1
M 384 112 448 112 0 2.5
x 433 98 449 101 4 12 G0
M 384 240 448 240 0 2.5
x 433 226 449 229 4 12 G2
M 384 304 448 304 0 2.5
x 433 290 449 293 4 12 G3
w 144 112 384 112 0
w 224 160 144 160 0
w 144 160 144 112 0
w 80 112 144 112 0
w 80 176 144 176 0
w 144 176 144 192 0
w 144 192 224 192 0
w 224 240 144 240 0
w 144 240 144 192 0
w 80 240 112 240 0
w 112 240 112 272 0
w 160 272 224 272 0
w 224 320 160 320 0
w 112 272 160 272 0
w 160 272 160 320 0
w 224 352 80 352 0
w 80 304 80 352 0
w 320 176 384 176 0
w 320 256 368 256 0
w 368 256 368 240 0
w 368 240 384 240 0
w 320 336 368 336 0
w 368 336 368 304 0
w 368 304 384 304 0
