$ 1 0.000005 10.20027730826997 50 5 50 5e-11
x -235 7 -1 10 4 12 decodificador\sde\s2-4\susando\s(NOT)\se\s(AND)
x -107 113 -47 116 4 12 entrada\s(B)
x -106 49 -46 52 4 12 entrada\s(A)
L -32 128 -80 128 0 0 false 5 0
L -16 64 -80 64 0 0 false 5 0
150 240 176 336 176 0 2 5 5
150 240 416 336 416 0 2 0 5
150 240 256 336 256 0 2 0 5
150 240 336 336 336 0 2 0 5
I 80 64 144 64 0 0.5 5
I 80 128 144 128 0 0.5 5
w -16 64 16 64 0
w -16 128 0 128 0
w 240 160 240 64 0
w 176 64 240 64 0
w 240 192 192 192 0
w 192 192 192 128 0
w 144 128 192 128 0
w 240 240 176 240 0
w 176 240 176 64 0
w 48 64 80 64 0
w -16 128 -16 272 0
w -16 272 240 272 0
w 240 320 80 320 0
w 80 320 80 64 0
w 176 64 144 64 0
w 240 352 144 352 0
w 144 352 144 128 0
w 80 128 0 128 0
w 240 400 16 400 0
w 16 400 16 64 0
w 240 432 -32 432 0
w -32 432 -32 128 0
w -32 128 -16 128 0
w 16 64 48 64 0
x 385 162 400 165 4 12 D0
M 336 176 400 176 0 2.5
x 385 242 400 245 4 12 D1
M 336 256 400 256 0 2.5
x 385 322 400 325 4 12 D2
M 336 336 400 336 0 2.5
x 385 402 400 405 4 12 D3
M 336 416 400 416 0 2.5
