$ 1 0.000005 10.20027730826997 50 5 50 5e-11
w -432 -464 -432 -416 0
x -215 -511 -207 -508 4 12 C
L -192 -464 -192 -496 0 0 false 5 0
I -160 -464 -96 -464 0 0.5 5
w -192 -464 -160 -464 0
w -160 -464 -160 -416 0
w -96 -464 -96 -416 0
w -224 -464 -224 -416 0
w -288 -464 -288 -400 0
w -320 -464 -288 -464 0
I -288 -464 -224 -464 0 0.5 5
L -320 -464 -320 -496 0 0 false 5 0
x -343 -511 -335 -508 4 12 B
x -455 -511 -447 -508 4 12 A
L -432 -464 -432 -496 0 0 false 5 0
w 32 -464 32 -416 0
w -32 -464 -32 -416 0
w -64 -464 -32 -464 0
I -32 -464 32 -464 0 0.5 5
L -64 -464 -64 -496 0 0 false 5 0
x -87 -511 -79 -508 4 12 D
154 96 -384 192 -384 0 2 0 5
154 96 -304 192 -304 0 2 0 5
w 96 -400 -288 -400 0
w 96 -368 -32 -368 0
w -32 -416 -32 -368 0
w 96 -320 -160 -320 0
w -160 -416 -160 -320 0
w 96 -288 -32 -288 0
w -32 -368 -32 -288 0
I 192 -384 256 -384 0 0.5 5
I 192 -304 256 -304 0 0.5 5
152 432 -240 512 -240 0 3 5 5
w 256 -384 432 -384 0
w 432 -384 432 -256 0
w 432 -240 -432 -240 0
w -432 -416 -432 -240 0
w 432 -224 -160 -224 0
w -160 -320 -160 -224 0
152 432 -160 512 -160 0 2 5 5
w 432 -176 -224 -176 0
w -224 -416 -224 -176 0
w 256 -304 256 -144 0
w 256 -144 432 -144 0
152 432 -80 512 -80 0 3 5 5
w 432 -96 -96 -96 0
w -96 -416 -96 -96 0
w 432 -80 -288 -80 0
w -288 -400 -288 -80 0
w 432 -64 -32 -64 0
w -32 -288 -32 -64 0
157 784 208 816 208 0 7 0 0
x 505 -252 511 -249 4 12 a
x 505 -172 511 -169 4 12 b
x 506 -94 512 -91 4 12 c
152 432 128 512 128 0 5 5 5
150 96 16 176 16 0 2 5 5
w 432 96 432 -32 0
w 432 -32 -432 -32 0
w -432 -240 -432 -32 0
w 96 0 -224 0 0
w -224 -176 -224 0 0
w 32 -416 32 32 0
w 32 32 96 32 0
150 96 96 176 96 0 2 0 5
150 96 176 176 176 0 2 0 5
150 96 256 176 256 0 3 0 5
w 96 80 -160 80 0
w -160 -224 -160 80 0
w 96 112 -224 112 0
w -224 0 -224 112 0
w 96 160 -160 160 0
w -160 80 -160 160 0
w 32 32 32 192 0
w 32 192 96 192 0
w 96 240 -288 240 0
w -288 -80 -288 240 0
w -96 -96 -96 256 0
w -96 256 96 256 0
w -32 -64 -32 272 0
w -32 272 96 272 0
w 176 256 432 256 0
w 432 160 432 256 0
w 176 16 368 16 0
w 368 16 368 112 0
w 368 112 432 112 0
w 176 176 368 176 0
w 368 176 368 144 0
w 368 144 432 144 0
w 176 96 288 96 0
w 288 96 288 128 0
w 288 128 432 128 0
x 507 111 513 114 4 12 d
152 432 384 512 384 0 2 5 5
x 507 367 513 370 4 12 e
150 96 352 176 352 0 2 5 5
150 96 432 176 432 0 2 0 5
w 176 352 432 352 0
w 432 352 432 368 0
w 176 432 432 432 0
w 432 400 432 432 0
w 96 336 -224 336 0
w -224 112 -224 336 0
w 32 192 32 368 0
w 32 368 96 368 0
w -160 160 -160 416 0
w -160 416 96 416 0
w 32 368 32 448 0
w 32 448 96 448 0
152 432 624 512 624 0 4 5 5
150 96 544 176 544 0 2 5 5
150 96 640 176 640 0 2 0 5
150 96 736 176 736 0 2 0 5
w -432 -32 -432 480 0
w -432 480 432 480 0
w 432 480 432 592 0
w 32 448 32 528 0
w 32 528 96 528 0
w -96 256 -96 560 0
w -96 560 96 560 0
w 96 624 -96 624 0
w -96 560 -96 624 0
w -288 240 -288 656 0
w 96 656 -288 656 0
w 96 720 -288 720 0
w -288 656 -288 720 0
w 32 528 32 752 0
w 32 752 96 752 0
w 176 736 432 736 0
w 432 736 432 656 0
w 176 544 336 544 0
w 336 544 336 608 0
w 336 608 432 608 0
w 176 640 432 640 0
x 507 607 510 610 4 12 f
152 432 880 512 880 0 3 0 5
w -432 480 -432 800 0
w -432 800 432 800 0
w 432 800 432 864 0
150 96 848 176 848 0 2 0 5
154 96 928 176 928 0 2 0 5
w -160 416 -160 832 0
w -160 832 96 832 0
w 32 752 32 864 0
w 32 864 96 864 0
w -288 720 -288 912 0
w -288 912 96 912 0
w -160 832 -160 944 0
w -160 944 96 944 0
w 176 928 432 928 0
w 432 896 432 928 0
w 176 848 336 848 0
w 336 848 336 880 0
w 336 880 432 880 0
x 507 863 513 866 4 12 g
w 784 208 784 -240 0
w 512 -240 784 -240 0
w 784 240 752 240 0
w 752 240 752 -160 0
w 512 -160 752 -160 0
w 784 272 720 272 0
w 720 272 720 -80 0
w 512 -80 720 -80 0
w 784 304 688 304 0
w 688 304 688 128 0
w 688 128 512 128 0
w 512 384 848 384 0
w 848 336 848 384 0
w 512 624 880 624 0
w 880 336 880 624 0
w 512 880 912 880 0
w 912 336 912 880 0
x -723 -610 -311 -607 4 32 decodificador\sde\s7-segmento
