$ 1 0.000005 10.20027730826997 50 5 50 5e-11
x -794 -256 -559 -253 4 26 decodificador\sde\s3-8
w -368 -208 -368 144 0
x -151 -255 -136 -252 4 12 D0
L -128 -208 -128 -240 0 0 false 5 0
I -96 -208 -32 -208 0 0.5 5
w -128 -208 -96 -208 0
w -96 -208 -96 -96 0
w -32 -208 -32 -176 0
w -160 -208 -160 -160 0
w -224 -208 -224 -112 0
w -288 -208 -288 -144 0
w -256 -208 -224 -208 0
w -368 -208 -352 -208 0
I -224 -208 -160 -208 0 0.5 5
I -352 -208 -288 -208 0 0.5 5
L -256 -208 -256 -240 0 0 false 5 0
x -279 -255 -264 -252 4 12 D1
x -391 -255 -376 -252 4 12 D2
L -368 -208 -368 -240 0 0 false 5 0
x 130 385 144 388 4 12 S0
M 112 400 144 400 0 2.5
x 130 305 144 308 4 12 S1
M 112 320 144 320 0 2.5
x 130 225 144 228 4 12 S2
M 112 240 144 240 0 2.5
x 130 145 144 148 4 12 S3
M 112 160 144 160 0 2.5
x 130 65 144 68 4 12 S4
M 112 80 144 80 0 2.5
x 130 -15 144 -12 4 12 S5
M 112 0 144 0 0 2.5
x 130 -95 144 -92 4 12 S6
M 112 -80 144 -80 0 2.5
150 16 400 112 400 0 3 0 5
150 16 320 112 320 0 3 0 5
150 16 240 112 240 0 3 0 5
150 16 160 112 160 0 3 0 5
150 16 80 112 80 0 3 0 5
150 16 0 112 0 0 3 0 5
150 16 -80 112 -80 0 3 0 5
150 16 -160 112 -160 0 3 5 5
M 112 -160 144 -160 0 2.5
x 130 -175 144 -172 4 12 S7
w 16 -176 -32 -176 0
w 16 -160 -160 -160 0
w 16 -144 -288 -144 0
w 16 -96 -96 -96 0
w 16 -80 -160 -80 0
w 16 -64 -288 -64 0
w -160 -160 -160 -80 0
w -288 -144 -288 -64 0
w 16 -16 -32 -16 0
w 16 0 -224 0 0
w 16 16 -288 16 0
w -32 -176 -32 -16 0
w -224 -112 -224 0 0
w -288 -64 -288 16 0
w 16 96 -96 96 0
w 16 80 -224 80 0
w 16 64 -288 64 0
w -288 16 -288 64 0
w -224 0 -224 80 0
w -96 -96 -96 96 0
w 16 176 -32 176 0
w 16 160 -160 160 0
w 16 144 -368 144 0
w -32 -16 -32 176 0
w -160 -80 -160 160 0
w 16 256 -96 256 0
w 16 240 -160 240 0
w 16 224 -368 224 0
w -96 96 -96 256 0
w -160 160 -160 240 0
w -368 144 -368 224 0
w 16 336 -32 336 0
w 16 320 -224 320 0
w 16 304 -368 304 0
w -32 176 -32 336 0
w -224 80 -224 320 0
w -368 224 -368 304 0
w 16 416 -96 416 0
w 16 400 -224 400 0
w 16 384 -368 384 0
w -368 304 -368 384 0
w -224 320 -224 400 0
w -96 256 -96 416 0
