$ 1 0.000005 10.20027730826997 50 5 50 5e-11
x -347 -39 -47 -36 4 12 decodificador\sde\s2-4\scom\senable\susando\s(NOT)\se\s(AND)
x -107 113 -47 116 4 12 entrada\s(B)
x -106 49 -46 52 4 12 entrada\s(A)
L -32 128 -80 128 0 0 false 5 0
L -16 64 -80 64 0 0 false 5 0
150 240 176 336 176 0 2 5 5
150 240 416 336 416 0 2 0 5
150 240 256 336 256 0 2 0 5
150 240 336 336 336 0 2 0 5
I 80 64 144 64 0 0.5 5
I 80 128 144 128 0 0.5 5
w -16 64 16 64 0
w -16 128 0 128 0
w 240 160 240 64 0
w 176 64 240 64 0
w 240 192 192 192 0
w 192 192 192 128 0
w 144 128 192 128 0
w 240 240 176 240 0
w 176 240 176 64 0
w 48 64 80 64 0
w -16 128 -16 272 0
w -16 272 240 272 0
w 240 320 80 320 0
w 80 320 80 64 0
w 176 64 144 64 0
w 240 352 144 352 0
w 144 352 144 128 0
w 80 128 0 128 0
w 240 400 16 400 0
w 16 400 16 64 0
w 240 432 -32 432 0
w -32 432 -32 128 0
w -32 128 -16 128 0
w 16 64 48 64 0
x 529 146 544 149 4 12 D0
M 480 160 544 160 0 2.5
x 529 226 544 229 4 12 D1
M 480 240 544 240 0 2.5
x 529 306 544 309 4 12 D2
M 480 320 544 320 0 2.5
x 529 386 544 389 4 12 D3
M 480 400 544 400 0 2.5
150 384 320 480 320 0 2 0 5
150 384 240 480 240 0 2 0 5
150 384 400 480 400 0 2 0 5
150 384 160 480 160 0 2 0 5
L -16 16 -80 16 0 0 false 5 0
x -95 1 -71 4 4 12 (EN)
w 336 176 384 176 0
w 336 256 384 256 0
w 336 336 384 336 0
w 336 416 384 416 0
w -16 16 352 16 0
w 352 304 352 384 0
w 352 384 384 384 0
w 352 224 352 304 0
w 352 144 352 224 0
w 352 16 352 144 0
w 352 144 384 144 0
w 352 224 384 224 0
w 352 304 384 304 0
