$ 1 0.000005 10.20027730826997 50 5 50 5e-11
x -557 -189 -371 -186 4 12 demux(1:2)\susando\s(NOT)\se\s(AND)
150 -224 -80 -128 -80 0 2 0 5
150 -224 48 -128 48 0 2 0 5
I -304 32 -224 32 0 0.5 5
M -128 48 -64 48 0 2.5
x -79 34 -65 37 4 12 S1
M -128 -80 -64 -80 0 2.5
x -79 -94 -65 -91 4 12 S0
x -312 -164 -297 -161 4 12 (A)
L -304 -64 -304 -144 0 0 false 5 0
L -384 -16 -448 -16 0 0 false 5 0
x -474 -31 -414 -28 4 12 entrada\s(E)
w -384 -16 -384 -96 0
w -384 -96 -224 -96 0
w -224 64 -384 64 0
w -384 64 -384 -16 0
w -304 -64 -224 -64 0
w -304 32 -304 -64 0
