$ 1 0.000005 10.20027730826997 50 5 50 5e-11
x -62 529 -40 532 4 12 D15
M -80 544 -48 544 0 2.5
x -1581 452 -1290 455 4 52 demux(1:16)
L -672 480 -672 448 0 0 false 5 0
x -695 433 -680 436 4 12 C2
x -583 433 -568 436 4 12 C1
L -560 480 -560 448 0 0 false 5 0
I -656 480 -592 480 0 0.5 5
I -528 480 -464 480 0 0.5 5
w -672 480 -656 480 0
w -560 480 -528 480 0
w -592 480 -592 528 0
w -528 480 -528 576 0
w -464 480 -464 560 0
150 -176 544 -80 544 0 4 0 5
w -336 480 -336 528 0
w -400 480 -400 576 0
w -432 480 -400 480 0
I -400 480 -336 480 0 0.5 5
L -432 480 -432 448 0 0 false 5 0
x -455 433 -440 436 4 12 C0
150 -176 640 -80 640 0 4 0 5
150 -176 736 -80 736 0 4 0 5
150 -176 832 -80 832 0 4 0 5
150 -176 928 -80 928 0 4 0 5
150 -176 1024 -80 1024 0 4 0 5
150 -176 1120 -80 1120 0 4 0 5
150 -176 1216 -80 1216 0 4 0 5
w -336 528 -336 576 0
w -752 704 -752 800 0
w -752 800 -752 896 0
w -752 896 -752 992 0
w -752 992 -752 1088 0
w -752 1088 -752 1184 0
M -80 640 -48 640 0 2.5
x -62 625 -40 628 4 12 D14
M -80 736 -48 736 0 2.5
x -62 721 -40 724 4 12 D13
M -80 832 -48 832 0 2.5
x -62 817 -40 820 4 12 D12
M -80 928 -48 928 0 2.5
x -62 913 -41 916 4 12 D11
M -80 1024 -48 1024 0 2.5
x -62 1009 -40 1012 4 12 D10
M -80 1120 -48 1120 0 2.5
x -62 1105 -47 1108 4 12 D9
M -80 1216 -48 1216 0 2.5
x -62 1201 -47 1204 4 12 D8
w -672 480 -672 576 0
w -176 512 -752 512 0
w -176 608 -752 608 0
w -176 704 -752 704 0
w -176 800 -752 800 0
w -176 896 -752 896 0
w -176 992 -752 992 0
w -176 1088 -752 1088 0
w -176 1184 -752 1184 0
w -176 576 -336 576 0
w -176 560 -464 560 0
w -176 528 -592 528 0
w -176 672 -400 672 0
w -400 576 -400 672 0
w -176 656 -464 656 0
w -464 560 -464 656 0
w -176 624 -592 624 0
w -592 528 -592 624 0
w -176 768 -336 768 0
w -336 576 -336 768 0
w -176 752 -528 752 0
w -528 576 -528 752 0
w -176 720 -592 720 0
w -592 624 -592 720 0
w -176 864 -400 864 0
w -400 672 -400 864 0
w -176 848 -528 848 0
w -528 752 -528 848 0
w -176 816 -592 816 0
w -592 720 -592 816 0
w -336 768 -336 960 0
w -176 960 -336 960 0
w -176 944 -464 944 0
w -464 656 -464 944 0
w -176 912 -672 912 0
w -672 576 -672 912 0
w -176 1056 -400 1056 0
w -400 864 -400 1056 0
w -176 1040 -464 1040 0
w -464 944 -464 1040 0
w -176 1008 -672 1008 0
w -672 912 -672 1008 0
w -336 960 -336 1152 0
w -336 1152 -176 1152 0
w -176 1136 -528 1136 0
w -528 848 -528 1136 0
w -176 1104 -672 1104 0
w -672 1008 -672 1104 0
w -176 1248 -400 1248 0
w -400 1056 -400 1248 0
w -176 1232 -528 1232 0
w -528 1136 -528 1232 0
w -176 1200 -672 1200 0
w -672 1104 -672 1200 0
w -672 1872 -672 1968 0
w -176 1968 -672 1968 0
w -528 1904 -528 2000 0
w -176 2000 -528 2000 0
w -400 1824 -400 2016 0
w -176 2016 -400 2016 0
w -672 1776 -672 1872 0
w -176 1872 -672 1872 0
w -528 1616 -528 1904 0
w -176 1904 -528 1904 0
w -336 1920 -176 1920 0
w -336 1728 -336 1920 0
w -672 1680 -672 1776 0
w -176 1776 -672 1776 0
w -464 1712 -464 1808 0
w -176 1808 -464 1808 0
w -400 1632 -400 1824 0
w -176 1824 -400 1824 0
w -672 1344 -672 1680 0
w -176 1680 -672 1680 0
w -464 1424 -464 1712 0
w -176 1712 -464 1712 0
w -176 1728 -336 1728 0
w -336 1536 -336 1728 0
w -592 1488 -592 1584 0
w -176 1584 -592 1584 0
w -528 1520 -528 1616 0
w -176 1616 -528 1616 0
w -400 1440 -400 1632 0
w -176 1632 -400 1632 0
w -592 1392 -592 1488 0
w -176 1488 -592 1488 0
w -528 1344 -528 1520 0
w -176 1520 -528 1520 0
w -336 1344 -336 1536 0
w -176 1536 -336 1536 0
w -592 1296 -592 1392 0
w -176 1392 -592 1392 0
w -464 1328 -464 1424 0
w -176 1424 -464 1424 0
w -400 1344 -400 1440 0
w -176 1440 -400 1440 0
w -176 1296 -592 1296 0
w -176 1328 -464 1328 0
w -176 1344 -336 1344 0
w -176 1952 -752 1952 0
w -176 1856 -752 1856 0
w -176 1760 -752 1760 0
w -176 1664 -752 1664 0
w -176 1568 -752 1568 0
w -176 1472 -752 1472 0
w -176 1376 -752 1376 0
w -176 1280 -752 1280 0
w -672 1200 -672 1344 0
x -62 1969 -47 1972 4 12 D0
M -80 1984 -48 1984 0 2.5
x -62 1873 -47 1876 4 12 D1
M -80 1888 -48 1888 0 2.5
x -62 1777 -47 1780 4 12 D2
M -80 1792 -48 1792 0 2.5
x -62 1681 -47 1684 4 12 D3
M -80 1696 -48 1696 0 2.5
x -62 1585 -47 1588 4 12 D4
M -80 1600 -48 1600 0 2.5
x -62 1489 -47 1492 4 12 D5
M -80 1504 -48 1504 0 2.5
x -62 1393 -47 1396 4 12 D6
M -80 1408 -48 1408 0 2.5
w -752 1856 -752 1952 0
w -752 1760 -752 1856 0
w -752 1664 -752 1760 0
w -752 1568 -752 1664 0
w -752 1472 -752 1568 0
w -752 1376 -752 1472 0
w -752 1280 -752 1376 0
w -336 1296 -336 1344 0
150 -176 1984 -80 1984 0 4 0 5
150 -176 1888 -80 1888 0 4 0 5
150 -176 1792 -80 1792 0 4 0 5
150 -176 1696 -80 1696 0 4 0 5
150 -176 1600 -80 1600 0 4 0 5
150 -176 1504 -80 1504 0 4 0 5
150 -176 1408 -80 1408 0 4 0 5
w -400 1248 -400 1344 0
w -336 1152 -336 1296 0
150 -176 1312 -80 1312 0 4 0 5
w -464 1040 -464 1328 0
w -528 1232 -528 1344 0
w -592 816 -592 1296 0
M -80 1312 -48 1312 0 2.5
x -62 1297 -47 1300 4 12 D7
w -1072 1280 -1072 560 0
w -1120 1184 -1040 1184 0
w -1200 1312 -1200 1232 0
w -1040 1312 -1200 1312 0
w -1200 1152 -1040 1152 0
w -1200 1232 -1200 1152 0
x -1290 1217 -1230 1220 4 12 entrada\s(A)
L -1200 1232 -1264 1232 0 0 false 5 0
L -784 480 -784 448 0 0 false 5 0
150 -1040 1296 -944 1296 0 2 0 5
150 -1040 1168 -944 1168 0 2 0 5
w -752 1184 -944 1296 0
w -784 528 -1120 528 0
x -807 433 -792 436 4 12 C3
w -752 608 -752 704 0
w -752 512 -752 608 0
w -752 1280 -944 1168 0
w -1120 528 -1120 1184 0
w -784 480 -784 528 0
w -704 480 -704 560 0
I -768 480 -704 480 0 0.5 5
w -784 480 -768 480 0
w -704 560 -1072 560 0
w -1072 1280 -1040 1280 0
