$ 1 0.000005 10.20027730826997 50 5 50 5e-11
x 249 129 309 132 4 12 entrada\s(A)
L 656 144 272 144 0 1 false 5 0
x 179 49 259 52 4 16 demux(1:4)
L 384 112 384 80 0 0 false 5 0
x 361 65 376 68 4 12 C1
x 473 65 488 68 4 12 C0
L 496 112 496 80 0 0 false 5 0
I 400 112 464 112 0 0.5 5
I 528 112 592 112 0 0.5 5
w 384 112 400 112 0
w 496 112 528 112 0
w 384 112 384 320 0
w 464 112 464 160 0
w 528 112 528 256 0
w 592 112 592 176 0
150 672 160 768 160 0 3 5 5
150 672 240 768 240 0 3 0 5
150 672 320 768 320 0 3 0 5
150 672 400 768 400 0 3 0 5
w 592 176 592 336 0
w 528 256 528 416 0
M 768 160 800 160 0 2.5
x 786 145 800 148 4 12 S3
M 768 240 800 240 0 2.5
x 786 225 800 228 4 12 S2
M 768 320 800 320 0 2.5
x 786 305 800 308 4 12 S1
M 768 400 800 400 0 2.5
x 786 385 800 388 4 12 S0
w 672 160 496 160 0
w 464 160 496 160 0
w 592 176 672 176 0
w 672 224 656 224 0
w 672 304 656 304 0
w 672 384 656 384 0
w 656 384 656 304 0
w 656 304 656 224 0
w 656 224 656 144 0
w 656 144 672 144 0
w 672 240 464 240 0
w 464 160 464 240 0
w 672 256 528 256 0
w 672 320 384 320 0
w 672 336 592 336 0
w 672 400 384 400 0
w 384 320 384 400 0
w 672 416 528 416 0
