$ 1 0.000005 10.20027730826997 50 5 50 5e-11
x 9 -159 69 -156 4 12 entrada\s(A)
L 96 -144 32 -144 0 1 false 5 0
x 786 -127 801 -124 4 12 D7
M 768 -112 800 -112 0 2.5
x -245 -236 -84 -233 4 32 demux(1:8)
L 176 -176 176 -208 0 0 false 5 0
x 153 -223 168 -220 4 12 C2
x 265 -223 280 -220 4 12 C1
L 288 -176 288 -208 0 0 false 5 0
I 192 -176 256 -176 0 0.5 5
I 320 -176 384 -176 0 0.5 5
w 176 -176 192 -176 0
w 288 -176 320 -176 0
w 256 -176 256 -128 0
w 320 -176 320 -80 0
w 384 -176 384 -96 0
150 672 -112 768 -112 0 4 5 5
w 512 -176 512 -128 0
w 448 -176 448 -80 0
w 416 -176 448 -176 0
I 448 -176 512 -176 0 0.5 5
L 416 -176 416 -208 0 0 false 5 0
x 393 -223 408 -220 4 12 C0
150 672 -16 768 -16 0 4 0 5
150 672 80 768 80 0 4 0 5
150 672 176 768 176 0 4 0 5
150 672 272 768 272 0 4 0 5
150 672 368 768 368 0 4 0 5
150 672 464 768 464 0 4 0 5
150 672 560 768 560 0 4 0 5
w 512 -128 512 -80 0
w 96 -144 96 -48 0
w 96 -48 96 48 0
w 96 48 96 144 0
w 96 144 96 240 0
w 96 240 96 336 0
w 96 336 96 432 0
w 96 432 96 528 0
M 768 -16 800 -16 0 2.5
x 786 -31 801 -28 4 12 D6
M 768 80 800 80 0 2.5
x 786 65 801 68 4 12 D5
M 768 176 800 176 0 2.5
x 786 161 801 164 4 12 D4
M 768 272 800 272 0 2.5
x 786 257 801 260 4 12 D3
M 768 368 800 368 0 2.5
x 786 353 801 356 4 12 D2
M 768 464 800 464 0 2.5
x 786 449 801 452 4 12 D1
M 768 560 800 560 0 2.5
x 786 545 801 548 4 12 D0
w 176 -176 176 -80 0
w 672 -144 96 -144 0
w 672 -48 96 -48 0
w 672 48 96 48 0
w 672 144 96 144 0
w 672 240 96 240 0
w 672 336 96 336 0
w 672 432 96 432 0
w 672 528 96 528 0
w 672 -80 512 -80 0
w 672 -96 384 -96 0
w 672 -128 256 -128 0
w 672 16 448 16 0
w 448 -80 448 16 0
w 672 0 384 0 0
w 384 -96 384 0 0
w 672 -32 256 -32 0
w 256 -128 256 -32 0
w 672 112 512 112 0
w 512 -80 512 112 0
w 672 96 320 96 0
w 320 -80 320 96 0
w 672 64 256 64 0
w 256 -32 256 64 0
w 672 208 448 208 0
w 448 16 448 208 0
w 672 192 320 192 0
w 320 96 320 192 0
w 672 160 256 160 0
w 256 64 256 160 0
w 512 112 512 304 0
w 672 304 512 304 0
w 672 288 384 288 0
w 384 0 384 288 0
w 672 256 176 256 0
w 176 -80 176 256 0
w 672 400 448 400 0
w 448 208 448 400 0
w 672 384 384 384 0
w 384 288 384 384 0
w 672 352 176 352 0
w 176 256 176 352 0
w 512 304 512 496 0
w 512 496 672 496 0
w 672 480 320 480 0
w 320 192 320 480 0
w 672 448 176 448 0
w 176 352 176 448 0
w 672 592 448 592 0
w 448 400 448 592 0
w 672 576 320 576 0
w 320 480 320 576 0
w 672 544 176 544 0
w 176 448 176 544 0
