$ 1 0.000005 10.20027730826997 50 5 50 5e-11
L 80 64 16 64 0 1 false 5 0
x -7 49 8 52 4 12 D6
x -7 -47 8 -44 4 12 D7
L 80 -32 16 -32 0 1 false 5 0
x 962 289 991 292 4 12 saída
M 944 304 976 304 0 2.5
x -243 -104 -117 -101 4 32 mux(8:1)
x -7 145 8 148 4 12 D5
L 80 160 16 160 0 1 false 5 0
x -7 241 8 244 4 12 D4
L 80 256 16 256 0 1 false 5 0
L 160 -64 160 -96 0 0 false 5 0
x 137 -111 152 -108 4 12 C2
x 249 -111 264 -108 4 12 C1
L 272 -64 272 -96 0 0 false 5 0
I 176 -64 240 -64 0 0.5 5
I 304 -64 368 -64 0 0.5 5
w 160 -64 176 -64 0
w 272 -64 304 -64 0
w 160 -64 160 416 0
w 240 -64 240 32 0
w 304 -64 304 80 0
w 368 -64 368 16 0
150 656 0 752 0 0 4 5 5
152 848 304 944 304 0 8 5 5
w 304 80 304 208 0
w 432 80 432 272 0
w 496 -64 496 -16 0
w 432 -64 432 80 0
w 400 -64 432 -64 0
I 432 -64 496 -64 0 0.5 5
L 400 -64 400 -96 0 0 false 5 0
x 377 -111 392 -108 4 12 C0
L 80 640 16 640 0 1 false 5 0
x -7 625 8 628 4 12 D0
L 80 544 16 544 0 1 false 5 0
x -7 529 8 532 4 12 D1
L 80 352 16 352 0 1 false 5 0
x -7 337 8 340 4 12 D3
x -7 433 8 436 4 12 D2
L 80 448 16 448 0 1 false 5 0
150 656 96 752 96 0 4 0 5
150 656 192 752 192 0 4 0 5
150 656 288 752 288 0 4 0 5
150 656 384 752 384 0 4 0 5
150 656 480 752 480 0 4 0 5
150 656 576 752 576 0 4 0 5
150 656 672 752 672 0 4 0 5
w 80 -32 656 -32 0
w 496 -16 656 -16 0
w 656 16 368 16 0
w 656 32 240 32 0
w 80 64 656 64 0
w 656 80 432 80 0
w 656 112 368 112 0
w 368 16 368 112 0
w 656 128 240 128 0
w 240 32 240 128 0
w 80 160 656 160 0
w 656 176 496 176 0
w 496 -16 496 176 0
w 656 208 304 208 0
w 656 224 240 224 0
w 240 128 240 224 0
w 656 256 80 256 0
w 656 272 432 272 0
w 656 304 304 304 0
w 656 320 240 320 0
w 304 304 304 208 0
w 240 320 240 224 0
w 656 352 80 352 0
w 656 416 160 416 0
w 656 368 496 368 0
w 496 176 496 368 0
w 656 400 368 400 0
w 368 112 368 400 0
w 656 448 80 448 0
w 656 464 432 464 0
w 432 272 432 464 0
w 656 496 368 496 0
w 656 512 160 512 0
w 160 416 160 512 0
w 368 400 368 496 0
w 656 544 80 544 0
w 496 368 496 560 0
w 656 560 496 560 0
w 656 592 304 592 0
w 304 304 304 592 0
w 656 608 160 608 0
w 160 512 160 608 0
w 656 640 80 640 0
w 656 656 432 656 0
w 432 464 432 656 0
w 656 688 304 688 0
w 304 592 304 688 0
w 656 704 160 704 0
w 160 608 160 704 0
w 848 240 848 0 0
w 752 0 848 0 0
w 848 256 832 256 0
w 752 96 832 96 0
w 832 96 832 256 0
w 848 272 816 272 0
w 752 192 816 192 0
w 816 192 816 272 0
w 752 288 848 288 0
w 848 368 848 672 0
w 752 672 848 672 0
w 848 352 832 352 0
w 832 352 832 576 0
w 752 576 832 576 0
w 848 336 816 336 0
w 816 336 816 480 0
w 752 480 816 480 0
w 752 384 800 384 0
w 800 384 800 320 0
w 800 320 848 320 0
