$ 1 0.000005 10.20027730826997 50 5 50 5e-11
150 256 144 352 144 0 2 0 5
150 256 240 352 240 0 2 0 5
I 192 160 256 160 0 0.5 5
152 352 192 448 192 0 2 0 5
x 145 33 153 36 4 12 S
L 160 96 160 48 0 0 false 5 0
L 128 160 64 160 0 0 false 5 0
L 112 224 64 224 0 0 false 5 0
x 38 145 53 148 4 12 D0
x 37 209 52 212 4 12 D1
w 256 128 128 128 0
w 128 128 128 160 0
w 192 160 160 160 0
w 160 96 160 160 0
w 256 224 112 224 0
w 160 160 160 256 0
w 160 256 256 256 0
w 352 144 352 176 0
w 352 240 352 208 0
M 448 192 512 192 0 2.5
x 497 178 526 181 4 12 saída
x -93 29 113 32 4 12 mux(2:1)\susando\s(NOT),\s(AND)\se\s(OR)
