$ 1 0.000005 10.20027730826997 50 5 50 5e-11
L 336 240 272 240 0 0 false 5 0
x 249 225 264 228 4 12 D2
x 249 145 264 148 4 12 D3
L 336 160 272 160 0 0 false 5 0
x 946 257 975 260 4 12 saída
M 928 272 960 272 0 2.5
x 179 49 226 52 4 12 mux(4:1)
x 249 305 264 308 4 12 D1
L 336 320 272 320 0 0 false 5 0
x 249 385 264 388 4 12 D0
L 336 400 272 400 0 0 false 5 0
L 384 112 384 80 0 0 false 5 0
x 361 65 376 68 4 12 C1
x 473 65 488 68 4 12 C0
L 496 112 496 80 0 0 false 5 0
I 400 112 464 112 0 0.5 5
I 528 112 592 112 0 0.5 5
w 384 112 400 112 0
w 496 112 528 112 0
w 384 112 384 304 0
w 464 112 464 144 0
w 528 112 528 256 0
w 592 112 592 176 0
150 672 160 768 160 0 3 0 5
150 672 240 768 240 0 3 0 5
150 672 320 768 320 0 3 0 5
150 672 400 768 400 0 3 0 5
152 832 272 928 272 0 4 0 5
w 672 144 464 144 0
w 336 160 672 160 0
w 672 176 592 176 0
w 672 224 464 224 0
w 464 144 464 224 0
w 336 240 672 240 0
w 672 256 528 256 0
w 672 304 384 304 0
w 336 320 672 320 0
w 592 176 592 336 0
w 592 336 672 336 0
w 672 384 384 384 0
w 384 304 384 384 0
w 336 400 672 400 0
w 528 256 528 416 0
w 528 416 672 416 0
w 768 160 832 160 0
w 832 160 832 240 0
w 768 400 832 400 0
w 832 304 832 400 0
w 768 240 800 240 0
w 800 240 800 256 0
w 800 256 832 256 0
w 768 320 800 320 0
w 800 320 800 288 0
w 800 288 832 288 0
