$ 1 0.000005 0.06872892787909722 50 5 50 5e-11
L -848 304 -912 304 0 0 false 5 0
x -935 289 -913 292 4 12 D14
x -935 193 -913 196 4 12 D15
L -848 208 -912 208 0 0 false 5 0
x -1376 132 -1142 135 4 52 mux(16:1)
x -935 385 -913 388 4 12 D13
L -848 400 -912 400 0 0 false 5 0
x -935 481 -913 484 4 12 D12
L -848 496 -912 496 0 0 false 5 0
L -656 112 -656 80 0 0 false 5 0
x -695 65 -680 68 4 12 C2
x -567 65 -552 68 4 12 C1
L -544 112 -544 80 0 0 false 5 0
I -640 112 -576 112 0 0.5 5
I -512 112 -448 112 0 0.5 5
w -656 112 -640 112 0
w -544 112 -512 112 0
w -656 112 -656 656 0
w -576 112 -576 272 0
w -512 112 -512 320 0
w -448 112 -448 256 0
150 -160 240 -64 240 0 4 0 5
152 32 544 128 544 0 8 0 5
w -512 320 -512 448 0
w -384 320 -384 512 0
w -320 112 -320 224 0
w -384 112 -384 320 0
w -416 112 -384 112 0
I -384 112 -320 112 0 0.5 5
L -416 112 -416 80 0 0 false 5 0
x -439 65 -424 68 4 12 C0
L -848 880 -912 880 0 0 false 5 0
x -935 865 -920 868 4 12 D8
L -848 784 -912 784 0 0 false 5 0
x -935 769 -920 772 4 12 D9
L -848 592 -912 592 0 0 false 5 0
x -935 577 -914 580 4 12 D11
x -935 673 -913 676 4 12 D10
L -848 688 -912 688 0 0 false 5 0
150 -160 336 -64 336 0 4 0 5
150 -160 432 -64 432 0 4 0 5
150 -160 528 -64 528 0 4 0 5
150 -160 624 -64 624 0 4 0 5
150 -160 720 -64 720 0 4 0 5
150 -160 816 -64 816 0 4 0 5
150 -160 912 -64 912 0 4 0 5
w -848 208 -160 208 0
w -320 224 -160 224 0
w -160 256 -448 256 0
w -160 272 -576 272 0
w -848 304 -160 304 0
w -160 320 -384 320 0
w -160 352 -448 352 0
w -448 256 -448 352 0
w -160 368 -576 368 0
w -576 272 -576 368 0
w -848 400 -160 400 0
w -160 416 -320 416 0
w -320 224 -320 416 0
w -160 448 -512 448 0
w -160 464 -576 464 0
w -576 368 -576 464 0
w -160 496 -848 496 0
w -160 512 -384 512 0
w -160 544 -512 544 0
w -160 560 -576 560 0
w -512 544 -512 448 0
w -576 560 -576 464 0
w -160 592 -848 592 0
w -160 656 -656 656 0
w -160 608 -320 608 0
w -320 416 -320 608 0
w -160 640 -448 640 0
w -448 352 -448 640 0
w -160 688 -848 688 0
w -160 704 -384 704 0
w -384 512 -384 704 0
w -160 736 -448 736 0
w -160 752 -656 752 0
w -656 656 -656 752 0
w -448 640 -448 736 0
w -160 784 -848 784 0
w -320 608 -320 800 0
w -160 800 -320 800 0
w -160 832 -512 832 0
w -512 544 -512 832 0
w -160 848 -656 848 0
w -656 752 -656 848 0
w -160 880 -848 880 0
w -160 896 -384 896 0
w -384 704 -384 896 0
w -160 928 -512 928 0
w -512 832 -512 928 0
w -160 944 -656 944 0
w -656 848 -656 944 0
w 32 480 32 240 0
w -64 240 32 240 0
w 32 496 16 496 0
w -64 336 16 336 0
w 16 336 16 496 0
w 32 512 0 512 0
w -64 432 0 432 0
w 0 432 0 512 0
w -64 528 32 528 0
w 32 608 32 912 0
w -64 912 32 912 0
w 32 592 16 592 0
w 16 592 16 816 0
w -64 816 16 816 0
w 32 576 0 576 0
w 0 576 0 720 0
w -64 720 0 720 0
w -64 624 -16 624 0
w -16 624 -16 560 0
w -16 560 32 560 0
w -16 1328 32 1328 0
w -16 1392 -16 1328 0
w -64 1392 -16 1392 0
w -64 1488 0 1488 0
w 0 1344 0 1488 0
w 32 1344 0 1344 0
w -64 1584 16 1584 0
w 16 1360 16 1584 0
w 32 1360 16 1360 0
w -64 1680 32 1680 0
w 32 1376 32 1680 0
w -64 1296 32 1296 0
w 0 1200 0 1280 0
w -64 1200 0 1200 0
w 32 1280 0 1280 0
w 16 1104 16 1264 0
w -64 1104 16 1104 0
w 32 1264 16 1264 0
w -64 1008 32 1008 0
w 32 1248 32 1008 0
w -656 1616 -656 1712 0
w -160 1712 -656 1712 0
w -512 1600 -512 1696 0
w -160 1696 -512 1696 0
w -384 1472 -384 1664 0
w -160 1664 -384 1664 0
w -160 1648 -848 1648 0
w -656 1520 -656 1616 0
w -160 1616 -656 1616 0
w -512 1312 -512 1600 0
w -160 1600 -512 1600 0
w -160 1568 -320 1568 0
w -320 1376 -320 1568 0
w -160 1552 -848 1552 0
w -448 1408 -448 1504 0
w -656 1424 -656 1520 0
w -160 1520 -656 1520 0
w -160 1504 -448 1504 0
w -384 1280 -384 1472 0
w -160 1472 -384 1472 0
w -160 1456 -848 1456 0
w -448 1120 -448 1408 0
w -160 1408 -448 1408 0
w -320 1184 -320 1376 0
w -160 1376 -320 1376 0
w -160 1424 -656 1424 0
w -160 1360 -848 1360 0
w -576 1328 -576 1232 0
w -512 1312 -512 1216 0
w -160 1328 -576 1328 0
w -160 1312 -512 1312 0
w -160 1280 -384 1280 0
w -160 1264 -848 1264 0
w -576 1136 -576 1232 0
w -160 1232 -576 1232 0
w -160 1216 -512 1216 0
w -320 992 -320 1184 0
w -160 1184 -320 1184 0
w -848 1168 -160 1168 0
w -576 1040 -576 1136 0
w -160 1136 -576 1136 0
w -448 1024 -448 1120 0
w -160 1120 -448 1120 0
w -160 1088 -384 1088 0
w -848 1072 -160 1072 0
w -160 1040 -576 1040 0
w -160 1024 -448 1024 0
w -320 992 -160 992 0
w -848 976 -160 976 0
150 -160 1680 -64 1680 0 4 0 5
150 -160 1584 -64 1584 0 4 0 5
150 -160 1488 -64 1488 0 4 0 5
150 -160 1392 -64 1392 0 4 0 5
150 -160 1296 -64 1296 0 4 0 5
150 -160 1200 -64 1200 0 4 0 5
150 -160 1104 -64 1104 0 4 0 5
L -848 1456 -912 1456 0 0 false 5 0
x -935 1441 -920 1444 4 12 D2
x -935 1345 -920 1348 4 12 D3
L -848 1360 -912 1360 0 0 false 5 0
x -935 1537 -920 1540 4 12 D1
L -848 1552 -912 1552 0 0 false 5 0
x -935 1633 -920 1636 4 12 D0
L -848 1648 -912 1648 0 0 false 5 0
w -384 896 -384 912 0
w -384 912 -384 1088 0
w -320 800 -320 992 0
w -384 1088 -384 1280 0
w -512 1088 -512 1216 0
152 32 1312 128 1312 0 8 0 5
150 -160 1008 -64 1008 0 4 0 5
w -448 736 -448 912 0
w -512 928 -512 1088 0
w -576 560 -576 928 0
w -656 944 -656 1424 0
L -848 1264 -912 1264 0 0 false 5 0
x -935 1249 -920 1252 4 12 D4
L -848 1168 -912 1168 0 0 false 5 0
x -935 1153 -920 1156 4 12 D5
L -848 976 -912 976 0 0 false 5 0
x -935 961 -920 964 4 12 D7
x -935 1057 -920 1060 4 12 D6
L -848 1072 -912 1072 0 0 false 5 0
x 609 978 638 981 4 12 saída
M 560 992 624 992 0 2.5
w 464 1040 464 1008 0
w 464 944 464 976 0
w 304 1056 368 1056 0
w 368 1024 256 1024 0
w 352 144 352 960 0
w 368 960 352 960 0
w 368 928 240 928 0
152 464 992 560 992 0 2 0 5
150 368 1040 464 1040 0 2 0 5
150 368 944 464 944 0 2 0 5
w 240 928 240 544 0
w 128 544 240 544 0
w 256 1024 256 1312 0
w -448 912 -448 1024 0
w -576 928 -576 1040 0
w 128 1312 256 1312 0
x -791 65 -776 68 4 12 C3
L -768 112 -768 80 0 0 false 5 0
I -752 112 -688 112 0 0.5 5
w -768 112 -752 112 0
w -768 112 -768 176 0
w -688 112 -688 144 0
w -768 176 304 176 0
w -688 144 352 144 0
w 304 176 304 1056 0
