$ 0 0.000005 10.20027730826997 50 5 50 5e-11
f 288 144 352 144 5 1.5 0.02
f 288 240 352 240 4 1.5 0.02
w 352 160 352 192 0
w 352 192 352 224 0
M 352 192 416 192 0 2.5
f 288 304 352 304 4 1.5 0.02
w 352 256 352 288 0
g 352 320 352 352 0 0
w 288 144 288 240 0
f 192 144 256 144 5 1.5 0.02
w 256 96 256 128 0
w 256 96 352 96 0
w 352 96 352 128 0
R 256 96 192 96 0 0 40 3 0 0 0.5
w 192 144 192 304 0
w 192 304 288 304 0
L 288 240 128 240 0 1 false 3 0
L 192 304 128 304 0 1 false 3 0
w 256 160 256 192 0
w 256 192 352 192 0
x 102 225 162 228 4 12 entrada\s(A)
x 101 289 161 292 4 12 entrada\s(B)
x 401 178 430 181 4 12 saída
x -134 60 162 63 4 12 porta\s(NAND)\sde\s2\sentradas\susando\s(PMOS)\se\s(NMOS)
