$ 0 0.000005 10.20027730826997 50 5 50 5e-11
f 224 160 288 160 21 1.5 0.02
f 224 256 288 256 20 1.5 0.02
w 288 176 288 208 0
w 288 208 288 240 0
f 224 320 288 320 20 1.5 0.02
w 288 272 288 304 0
g 320 336 320 368 0 0
w 224 160 224 256 0
f 128 160 192 160 21 1.5 0.02
w 192 112 192 144 0
w 192 112 288 112 0
w 288 112 288 144 0
R 192 112 128 112 0 0 40 3 0 0 0.5
w 128 160 128 320 0
w 128 320 224 320 0
L 224 256 64 256 0 1 false 3 0
L 128 320 64 320 0 1 false 3 0
w 192 176 192 208 0
w 192 208 288 208 0
f 320 256 384 256 20 1.5 0.02
f 320 160 384 160 21 1.5 0.02
M 384 208 448 208 0 2.5
w 320 208 320 256 0
w 320 160 320 208 0
w 384 208 384 240 0
w 384 176 384 208 0
w 288 208 320 208 0
w 288 112 384 112 0
w 384 112 384 144 0
w 320 336 384 336 0
w 384 272 384 336 0
w 288 336 320 336 0
x 41 241 101 244 4 12 entrada\s(A)
x 42 304 102 307 4 12 entrada\s(B)
x 433 193 462 196 4 12 saída
x -137 76 150 79 4 12 porta\s(AND)\sde\s2\sentradas\susando\s(PMOS)\se\s(NMOS)
