$ 1 0.000005 10.20027730826997 50 5 50 5e-11
x -103 11 168 14 4 12 porta\s(NXOR)\sde\s2\sentradas\susando\sa\sporta\s(NOR)
L 48 80 0 80 0 1 false 5 0
M 384 144 432 144 0 2.5
x -27 82 -12 85 4 12 (A)
x 414 131 443 134 4 12 saída
153 48 144 160 144 0 2 0 5
153 160 192 272 192 0 2 0 5
x -27 210 -12 213 4 12 (B)
L 48 208 0 208 0 1 false 5 0
w 272 192 272 160 0
153 160 96 272 96 0 2 0 5
153 272 144 384 144 0 2 5 5
w 272 128 272 96 0
w 160 80 48 80 0
w 48 128 48 80 0
w 48 208 48 160 0
w 160 208 48 208 0
w 160 144 160 112 0
w 160 176 160 144 0
