$ 1 0.000005 10.20027730826997 50 5 50 5e-11
x -103 11 167 14 4 12 porta\s(NAND)\sde\s2\sentradas\susando\sa\sporta\s(NOR)
L 48 96 0 96 0 1 false 5 0
M 384 144 432 144 0 2.5
x -27 98 -12 101 4 12 (A)
x 414 131 443 134 4 12 saída
153 48 96 160 96 0 2 0 5
153 160 144 272 144 0 2 5 5
x -27 194 -12 197 4 12 (B)
L 48 192 0 192 0 1 false 5 0
w 48 96 48 80 0
w 48 112 48 96 0
153 48 192 160 192 0 2 0 5
w 48 208 48 192 0
w 48 192 48 176 0
w 160 128 160 96 0
w 160 192 160 160 0
153 272 144 384 144 0 2 0 5
w 272 144 272 128 0
w 272 160 272 144 0
