$ 0 0.000005 10.20027730826997 50 5 50 5e-11
f 160 128 224 128 21 1.5 0.02
w 224 144 224 176 0
R 224 112 224 64 0 0 40 3 0 0 0.5
f 160 192 224 192 21 1.5 0.02
w 224 208 224 224 0
w 224 224 224 240 0
f 160 256 224 256 20 1.5 0.02
f 64 256 128 256 20 1.5 0.02
w 128 224 128 240 0
w 128 224 224 224 0
g 224 320 224 352 0 0
w 160 192 160 256 0
w 64 128 64 256 0
w 64 128 160 128 0
L 64 128 16 128 0 1 false 3 0
L 160 192 16 192 0 1 false 3 0
w 336 128 336 160 0
w 224 224 272 224 0
w 336 192 336 224 0
w 336 224 336 256 0
w 272 176 272 224 0
w 272 224 272 272 0
M 336 224 400 224 0 2.5
f 272 176 336 176 21 1.5 0.02
f 272 272 336 272 20 1.5 0.02
w 224 112 336 112 0
w 336 128 336 112 0
w 128 320 224 320 0
w 224 320 336 320 0
w 128 320 128 272 0
w 224 320 224 272 0
w 336 320 336 288 0
x -8 112 52 115 4 12 entrada\s(A)
x -7 177 53 180 4 12 entrada\s(B)
x 386 209 415 212 4 12 saída
x -229 50 51 53 4 12 porta\s(OR)\sde\s2\sentradas\susando\s(PMOS)\se\s(NMOS)
