$ 0 0.000005 10.20027730826997 50 5 50 5e-11
f 112 96 176 96 5 1.5 0.02
f 112 192 176 192 4 1.5 0.02
w 176 112 176 144 0
w 176 144 176 176 0
M 368 144 432 144 0 2.5
f 112 256 176 256 4 1.5 0.02
w 176 208 176 240 0
g 176 400 176 432 0 0
w 0 96 0 192 0
f 16 96 80 96 5 1.5 0.02
w 80 48 80 80 0
w 80 48 176 48 0
w 176 48 176 80 0
R 224 48 224 -16 0 0 40 3 0 0 0.5
w 48 256 112 256 0
L 0 192 -48 192 0 1 false 3 0
L 16 256 -48 256 0 1 false 3 0
w 80 112 80 144 0
w 80 144 176 144 0
x -74 177 -14 180 4 12 entrada\s(A)
x -75 241 -15 244 4 12 entrada\s(B)
x 419 130 448 133 4 12 saída
x -372 -1 -76 2 4 12 porta\s(NAND)\sde\s4\sentradas\susando\s(PMOS)\se\s(NMOS)
L 16 320 -48 320 0 1 false 3 0
x -75 303 -15 306 4 12 entrada\s(C)
f 112 320 176 320 4 1.5 0.02
w 176 272 176 304 0
f 208 96 272 96 5 1.5 0.02
w 272 48 272 80 0
w 176 48 224 48 0
w 272 112 272 144 0
w 176 144 272 144 0
w 0 192 112 192 0
w 0 96 16 96 0
w 48 128 48 256 0
w 16 256 48 256 0
w 48 128 112 128 0
w 112 96 112 128 0
w 96 160 96 320 0
w 96 160 208 160 0
w 208 160 208 96 0
w 96 320 16 320 0
w 112 320 96 320 0
x -75 367 -15 370 4 12 entrada\s(D)
L 16 384 -48 384 0 1 false 3 0
w 368 112 368 144 0
w 368 48 368 80 0
f 304 96 368 96 5 1.5 0.02
w 272 48 368 48 0
w 272 144 368 144 0
f 112 384 176 384 4 1.5 0.02
w 176 336 176 368 0
w 112 384 16 384 0
w 16 64 16 384 0
w 304 64 16 64 0
w 304 96 304 64 0
w 224 48 272 48 0
