$ 1 0.000005 10.20027730826997 50 5 50 5e-11
x -334 -100 -72 -97 4 12 porta\s(OR)\sde\s2\sentradas\susando\sa\sporta\s(NAND)
151 -96 -16 64 -16 0 2 5 5
151 64 32 224 32 0 2 0 5
151 -96 80 64 80 0 2 5 5
w 64 -16 64 16 0
w 64 48 64 80 0
x -207 -15 -192 -12 4 12 (A)
L -128 -16 -176 -16 0 0 false 5 0
x -207 80 -192 83 4 12 (B)
L -128 80 -176 80 0 0 false 5 0
w -128 -32 -128 -16 0
w -128 -16 -128 0 0
w -128 0 -96 0 0
w -128 -32 -96 -32 0
w -128 64 -96 64 0
w -128 96 -96 96 0
w -128 80 -128 96 0
w -128 64 -128 80 0
x 254 19 283 22 4 12 saída
M 224 32 272 32 0 2.5
