$ 1 0.000005 10.20027730826997 50 5 50 5e-11
150 384 192 512 192 0 2 0 5
150 384 288 512 288 0 2 0 5
152 512 240 624 240 0 2 0 5
I 320 208 384 208 0 0.5 5
I 320 272 384 272 0 0.5 5
x 130 76 438 79 4 12 porta\s(NXOR)\sde\s2\sentradas\susando\s(NOT),\s(AND)\se\s(OR)
w 512 192 512 224 0
w 512 256 512 288 0
w 320 176 384 176 0
w 320 304 384 304 0
x 206 290 266 293 4 12 entrada\s(B)
L 256 304 224 304 0 1 false 5 0
L 288 176 224 176 0 1 false 5 0
x 206 162 266 165 4 12 entrada\s(A)
w 288 176 320 176 0
w 288 176 288 272 0
w 288 272 320 272 0
w 256 304 320 304 0
w 320 208 320 304 0
x 719 225 748 228 4 12 saída
M 688 240 736 240 0 2.5
I 624 240 688 240 0 0.5 5
