$ 0 0.000005 10.20027730826997 50 5 50 5e-11
f 240 96 304 96 5 1.5 0.02
f 240 192 304 192 4 1.5 0.02
w 304 112 304 144 0
w 304 144 304 176 0
M 432 144 496 144 0 2.5
f 240 256 304 256 4 1.5 0.02
w 304 208 304 240 0
g 304 336 304 368 0 0
w 128 96 128 192 0
f 144 96 208 96 5 1.5 0.02
w 208 48 208 80 0
w 208 48 304 48 0
w 304 48 304 80 0
R 208 48 144 48 0 0 40 3 0 0 0.5
w 176 256 240 256 0
L 128 192 80 192 0 1 false 3 0
L 144 256 80 256 0 1 false 3 0
w 208 112 208 144 0
w 208 144 304 144 0
x 54 177 114 180 4 12 entrada\s(A)
x 53 241 113 244 4 12 entrada\s(B)
x 478 130 507 133 4 12 saída
x -230 12 66 15 4 12 porta\s(NAND)\sde\s3\sentradas\susando\s(PMOS)\se\s(NMOS)
L 144 320 80 320 0 1 false 3 0
x 53 303 113 306 4 12 entrada\s(C)
f 240 320 304 320 4 1.5 0.02
w 304 272 304 304 0
f 336 96 400 96 5 1.5 0.02
w 400 48 400 80 0
w 304 48 400 48 0
w 400 112 400 144 0
w 304 144 400 144 0
w 400 144 432 144 0
w 128 192 240 192 0
w 128 96 144 96 0
w 176 128 176 256 0
w 144 256 176 256 0
w 176 128 240 128 0
w 240 96 240 128 0
w 224 160 224 320 0
w 224 160 336 160 0
w 336 160 336 96 0
w 224 320 144 320 0
w 240 320 224 320 0
