$ 1 0.000005 10.20027730826997 50 5 50 5e-11
x -334 -100 -64 -97 4 12 porta\s(NOR)\sde\s2\sentradas\susando\sa\sporta\s(NAND)
151 160 64 304 64 0 2 5 5
x -287 17 -272 20 4 12 (A)
L -208 16 -256 16 0 0 false 5 0
w -208 0 -208 16 0
w -208 16 -208 32 0
w -208 32 -176 32 0
w -208 0 -176 0 0
x 334 51 363 54 4 12 saída
M 304 64 352 64 0 2.5
w -208 96 -176 96 0
w -208 128 -176 128 0
w -208 112 -208 128 0
w -208 96 -208 112 0
L -208 112 -256 112 0 0 false 5 0
x -287 113 -272 116 4 12 (B)
151 -176 112 -16 112 0 2 5 5
151 -176 16 -16 16 0 2 5 5
151 -16 64 160 64 0 2 0 5
w -16 16 -16 48 0
w -16 80 -16 112 0
w 160 48 160 64 0
w 160 64 160 80 0
