$ 0 0.000005 10.20027730826997 50 5 50 5e-11
f 0 112 64 112 5 1.5 0.02
w 96 272 96 352 0
R 64 96 64 48 0 0 40 3 0 0 0.5
f -16 208 64 208 5 1.5 0.02
w 64 224 64 240 0
w 64 240 64 256 0
f 0 272 64 272 4 1.5 0.02
M 160 240 224 240 0 2.5
f -96 272 -32 272 4 1.5 0.02
w -32 240 -32 256 0
w -32 240 64 240 0
g -32 288 -32 320 0 0
g 64 288 64 320 0 0
w 0 160 0 256 0
w -96 112 -96 272 0
w -96 112 0 112 0
L -96 112 -144 112 0 1 false 3 0
L -80 208 -144 208 0 1 false 3 0
x -311 36 -23 39 4 12 porta\s(NOR)\sde\s3\sentradas\susando\s(PMOS)\se\s(NMOS)
x -167 98 -107 101 4 12 entrada\s(A)
x -168 194 -108 197 4 12 entrada\s(C)
x 207 225 236 228 4 12 saída
w 0 256 0 272 0
x -168 145 -108 148 4 12 entrada\s(B)
L -80 160 -144 160 0 1 false 3 0
f 0 160 64 160 5 1.5 0.02
g 160 288 160 320 0 0
f 96 272 160 272 4 1.5 0.02
w 160 240 160 256 0
w 64 128 64 144 0
w 64 176 64 192 0
w 64 240 160 240 0
w 96 352 -80 352 0
w -80 208 -80 352 0
w -80 160 0 160 0
w -16 208 -80 208 0
