$ 1 0.000005 10.20027730826997 50 5 50 5e-11
150 480 192 608 192 0 2 0 5
150 480 288 608 288 0 2 0 5
152 608 240 720 240 0 2 0 5
I 416 208 480 208 0 0.5 5
I 416 272 480 272 0 0.5 5
x 130 76 430 79 4 12 porta\s(XOR)\sde\s2\sentradas\susando\s(NOT),\s(AND)\se\s(OR)
w 608 192 608 224 0
w 608 256 608 288 0
w 416 176 480 176 0
w 416 304 480 304 0
x 302 290 362 293 4 12 entrada\s(B)
L 352 304 320 304 0 1 false 5 0
L 384 176 320 176 0 1 false 5 0
x 302 162 362 165 4 12 entrada\s(A)
w 384 176 416 176 0
w 384 176 384 272 0
w 384 272 416 272 0
w 352 304 416 304 0
w 416 208 416 304 0
x 751 225 780 228 4 12 saída
M 720 240 768 240 0 2.5
