$ 1 0.000005 10.20027730826997 50 5 50 5e-11
150 -688 -160 -592 -160 0 2 0 5
154 -688 -64 -592 -64 0 2 0 5
w -752 -176 -688 -176 0
w -752 -144 -688 -144 0
w -752 -80 -688 -80 0
w -752 -48 -688 -48 0
w -784 -176 -752 -176 0
w -800 -144 -752 -144 0
w -752 -144 -752 -80 0
w -784 -48 -752 -48 0
w -784 -176 -784 -48 0
w -800 -176 -784 -176 0
x -1319 -275 -1126 -272 4 32 somador\s3\sbit
w -416 256 -464 256 0
w -416 224 -416 256 0
w -416 160 -416 192 0
w -464 160 -416 160 0
w -864 16 -784 16 0
w -784 16 -784 240 0
w -832 272 -832 112 0
w -832 272 -560 272 0
w -784 240 -560 240 0
w -560 144 -560 112 0
w -560 112 -560 96 0
w -576 112 -560 112 0
w -592 176 -592 32 0
w -592 176 -560 176 0
w -560 80 -544 80 0
w -560 96 -560 80 0
w -544 48 -544 32 0
w -544 32 -592 32 0
w -832 112 -832 48 0
w -784 16 -688 16 0
152 -416 208 -320 208 0 2 0 5
150 -560 256 -464 256 0 2 0 5
150 -560 160 -464 160 0 2 0 5
154 -544 64 -448 64 0 2 0 5
154 -688 32 -592 32 0 2 0 5
w -864 48 -832 48 0
w -832 48 -688 48 0
x -147 125 -133 128 4 12 S3
M -192 144 -128 144 0 2.5
w -832 352 -688 352 0
w -912 352 -832 352 0
154 -688 336 -592 336 0 2 0 5
154 -544 368 -448 368 0 2 0 5
150 -560 464 -464 464 0 2 0 5
150 -560 560 -464 560 0 2 0 5
152 -416 512 -320 512 0 2 0 5
w -784 320 -688 320 0
w -832 416 -832 352 0
w -544 336 -592 336 0
w -544 352 -544 336 0
w -560 400 -560 384 0
w -560 384 -544 384 0
w -592 480 -560 480 0
w -592 480 -592 336 0
w -576 416 -560 416 0
w -560 416 -560 400 0
w -560 448 -560 416 0
w -784 544 -560 544 0
w -832 576 -560 576 0
w -832 576 -832 416 0
w -784 320 -784 544 0
w -864 320 -784 320 0
w -464 464 -416 464 0
w -416 464 -416 496 0
w -416 528 -416 560 0
w -416 560 -464 560 0
w -576 -160 -576 112 0
w -576 -160 -592 -160 0
w -320 208 -320 304 0
w -320 304 -576 304 0
w -576 304 -576 416 0
M -160 192 -128 192 0 2.5
x -147 173 -133 176 4 12 S2
M -160 240 -128 240 0 2.5
x -147 221 -133 224 4 12 S1
M -176 288 -128 288 0 2.5
x -147 269 -133 272 4 12 S0
w -592 -64 -176 -64 0
w -176 -64 -176 288 0
w -448 64 -256 64 0
w -256 64 -256 240 0
w -272 192 -160 192 0
w -448 368 -272 368 0
w -272 368 -272 192 0
w -256 240 -160 240 0
w -320 512 -192 512 0
w -192 512 -192 144 0
L -1056 -208 -1056 -240 0 0 false 5 0
x -1070 -260 -1056 -257 4 12 A2
L -1024 -208 -1024 -240 0 0 false 5 0
x -1038 -260 -1024 -257 4 12 A1
L -992 -208 -992 -240 0 0 false 5 0
x -1006 -260 -992 -257 4 12 A0
L -912 -208 -912 -240 0 0 false 5 0
x -926 -260 -912 -257 4 12 B2
L -880 -208 -880 -240 0 0 false 5 0
x -894 -260 -880 -257 4 12 B1
L -848 -208 -848 -240 0 0 false 5 0
x -862 -260 -848 -257 4 12 B0
w -800 -176 -992 -176 0
w -992 -208 -992 -176 0
w -800 -144 -848 -144 0
w -848 -208 -848 -144 0
w -864 16 -1024 16 0
w -1024 -208 -1024 16 0
w -880 -208 -880 48 0
w -880 48 -864 48 0
w -864 320 -1056 320 0
w -1056 -208 -1056 320 0
w -912 -208 -912 352 0
