$ 1 0.000005 10.20027730826997 50 5 50 5e-11
154 688 352 784 352 0 2 5 5
195 368 224 400 224 0
195 576 224 608 224 0
x 166 97 474 100 4 12 somador\scompleto\smontado\sa\spartir\sde\s2\smeio-somadores
L 368 208 272 208 0 1 false 5 0
L 368 272 272 272 0 1 false 5 0
x 249 193 309 196 4 12 entrada\s(A)
x 248 257 308 260 4 12 entrada\s(B)
w 368 256 368 272 0
w 368 224 368 208 0
w 464 224 576 224 0
w 464 256 512 256 0
w 512 256 512 368 0
w 608 368 688 368 0
x 248 321 263 324 4 12 cin
L 368 336 272 336 0 1 false 5 0
M 672 224 816 224 0 2.5
x 800 207 822 210 4 12 sum
w 368 336 464 336 0
w 512 368 608 368 0
w 576 256 576 336 0
w 464 336 576 336 0
w 672 256 672 336 0
w 672 336 688 336 0
x 800 335 826 338 4 12 carry
M 784 352 816 352 0 2.5
