$ 1 0.000005 10.20027730826997 50 5 50 5e-11
w -688 -112 -672 -112 0
w -688 -368 -688 -112 0
w -832 -368 -832 -144 0
w -672 -144 -832 -144 0
w -656 -368 -656 -304 0
w -608 -304 -656 -304 0
w -800 -368 -800 -336 0
w -608 -336 -800 -336 0
x -670 -420 -656 -417 4 12 B0
L -656 -368 -656 -400 0 0 false 5 0
x -702 -420 -688 -417 4 12 B1
L -688 -368 -688 -400 0 0 false 5 0
x -814 -420 -800 -417 4 12 A0
L -800 -368 -800 -400 0 0 false 5 0
x -846 -420 -832 -417 4 12 A1
L -832 -368 -832 -400 0 0 false 5 0
w -16 48 -128 48 0
w -64 -96 -64 -48 0
w -256 -96 -64 -96 0
w 16 -224 16 0 0
w -400 -224 16 -224 0
x 45 -19 59 -16 4 12 S0
M 16 0 64 0 0 2.5
x 45 -67 59 -64 4 12 S1
M -64 -48 64 -48 0 2.5
w -384 -320 -400 -320 0
w -384 -320 -384 -48 0
M -16 -96 64 -96 0 2.5
x 45 -115 59 -112 4 12 S2
w -640 -112 -496 -112 0
w -672 -112 -640 -112 0
154 -496 -128 -400 -128 0 2 0 5
154 -352 -96 -256 -96 0 2 0 5
150 -368 0 -272 0 0 2 0 5
150 -368 96 -272 96 0 2 0 5
152 -224 48 -128 48 0 2 0 5
w -592 -144 -496 -144 0
w -640 -48 -640 -112 0
w -352 -128 -400 -128 0
w -352 -112 -352 -128 0
w -368 -64 -368 -80 0
w -368 -80 -352 -80 0
w -400 16 -368 16 0
w -400 16 -400 -128 0
w -384 -48 -368 -48 0
w -368 -48 -368 -64 0
w -368 -16 -368 -48 0
w -592 80 -368 80 0
w -640 112 -368 112 0
w -640 112 -640 -48 0
w -592 -144 -592 80 0
w -672 -144 -592 -144 0
w -272 0 -224 0 0
w -224 0 -224 32 0
w -224 64 -224 96 0
w -224 96 -272 96 0
x -1127 -435 -1018 -432 4 18 somador\s2\sbit
w -608 -336 -592 -336 0
w -592 -336 -592 -208 0
w -592 -208 -560 -208 0
w -560 -304 -560 -240 0
w -608 -304 -560 -304 0
w -592 -336 -560 -336 0
w -560 -208 -496 -208 0
w -560 -240 -496 -240 0
w -560 -304 -496 -304 0
w -560 -336 -496 -336 0
154 -496 -224 -400 -224 0 2 0 5
150 -496 -320 -400 -320 0 2 0 5
w -16 48 -16 -96 0
