$ 1 0.000005 10.20027730826997 50 5 50 5e-11
150 -736 0 -640 0 0 2 0 5
154 -736 96 -640 96 0 2 0 5
w -800 -16 -736 -16 0
w -800 16 -736 16 0
w -800 80 -736 80 0
w -800 112 -736 112 0
w -832 -16 -800 -16 0
w -848 16 -800 16 0
w -800 16 -800 80 0
w -832 112 -800 112 0
w -832 -16 -832 112 0
w -848 -16 -832 -16 0
x -1523 -137 -1330 -134 4 32 somador\s4\sbit
w -464 416 -512 416 0
w -464 384 -464 416 0
w -464 320 -464 352 0
w -512 320 -464 320 0
w -912 176 -832 176 0
w -832 176 -832 400 0
w -880 432 -880 272 0
w -880 432 -608 432 0
w -832 400 -608 400 0
w -608 304 -608 272 0
w -608 272 -608 256 0
w -624 272 -608 272 0
w -640 336 -640 192 0
w -640 336 -608 336 0
w -608 240 -592 240 0
w -608 256 -608 240 0
w -592 208 -592 192 0
w -592 192 -640 192 0
w -880 272 -880 208 0
w -832 176 -736 176 0
152 -464 368 -368 368 0 2 0 5
150 -608 416 -512 416 0 2 0 5
150 -608 320 -512 320 0 2 0 5
154 -592 224 -496 224 0 2 0 5
154 -736 192 -640 192 0 2 0 5
w -912 208 -880 208 0
w -880 208 -736 208 0
x -147 285 -133 288 4 12 S4
M -224 304 -128 304 0 2.5
w -880 512 -736 512 0
w -960 512 -880 512 0
154 -736 496 -640 496 0 2 0 5
154 -592 528 -496 528 0 2 0 5
150 -608 624 -512 624 0 2 0 5
150 -608 720 -512 720 0 2 0 5
152 -464 672 -368 672 0 2 0 5
w -832 480 -736 480 0
w -880 576 -880 512 0
w -592 496 -640 496 0
w -592 512 -592 496 0
w -608 560 -608 544 0
w -608 544 -592 544 0
w -640 640 -608 640 0
w -640 640 -640 496 0
w -624 576 -608 576 0
w -608 576 -608 560 0
w -608 608 -608 576 0
w -832 704 -608 704 0
w -880 736 -608 736 0
w -880 736 -880 576 0
w -832 480 -832 704 0
w -912 480 -832 480 0
w -512 624 -464 624 0
w -464 624 -464 656 0
w -464 688 -464 720 0
w -464 720 -512 720 0
w -624 0 -624 272 0
w -624 0 -640 0 0
w -368 368 -368 464 0
w -368 464 -624 464 0
w -624 464 -624 576 0
M -240 352 -128 352 0 2.5
x -147 333 -133 336 4 12 S3
M -160 400 -128 400 0 2.5
x -147 381 -133 384 4 12 S2
M -176 448 -128 448 0 2.5
x -147 429 -133 432 4 12 S1
w -640 96 -208 96 0
w -208 96 -208 496 0
w -496 224 -304 224 0
w -304 224 -304 448 0
w -320 400 -160 400 0
w -496 528 -320 528 0
w -320 528 -320 400 0
w -304 448 -176 448 0
w -368 672 -368 768 0
w -224 976 -224 304 0
L -1120 -48 -1120 -80 0 0 false 5 0
x -1134 -100 -1120 -97 4 12 A2
L -1088 -48 -1088 -80 0 0 false 5 0
x -1102 -100 -1088 -97 4 12 A1
L -1056 -48 -1056 -80 0 0 false 5 0
x -1070 -100 -1056 -97 4 12 A0
L -960 -48 -960 -80 0 0 false 5 0
x -974 -100 -960 -97 4 12 B2
L -928 -48 -928 -80 0 0 false 5 0
x -942 -100 -928 -97 4 12 B1
L -896 -48 -896 -80 0 0 false 5 0
x -910 -100 -896 -97 4 12 B0
w -848 -16 -1056 -16 0
w -1056 -48 -1056 -16 0
w -848 16 -896 16 0
w -896 -48 -896 16 0
w -912 176 -1088 176 0
w -1088 -48 -1088 176 0
w -928 -48 -928 208 0
w -928 208 -912 208 0
w -912 480 -1120 480 0
w -1120 -48 -1120 480 0
w -960 -48 -960 512 0
w -912 784 -1152 784 0
w -368 976 -224 976 0
w -240 832 -240 352 0
w -496 832 -240 832 0
w -624 768 -624 880 0
w -464 1024 -512 1024 0
w -464 992 -464 1024 0
w -464 928 -464 960 0
w -512 928 -464 928 0
w -912 784 -832 784 0
w -832 784 -832 1008 0
w -880 1040 -880 880 0
w -880 1040 -608 1040 0
w -832 1008 -608 1008 0
w -608 912 -608 880 0
w -608 880 -608 864 0
w -624 880 -608 880 0
w -640 944 -640 800 0
w -640 944 -608 944 0
w -608 848 -592 848 0
w -608 864 -608 848 0
w -592 816 -592 800 0
w -592 800 -640 800 0
w -880 880 -880 816 0
w -832 784 -736 784 0
152 -464 976 -368 976 0 2 0 5
150 -608 1024 -512 1024 0 2 0 5
150 -608 928 -512 928 0 2 0 5
154 -592 832 -496 832 0 2 0 5
154 -736 800 -640 800 0 2 0 5
w -992 816 -880 816 0
w -880 816 -736 816 0
L -992 816 -992 -80 0 0 false 5 0
x -1006 -100 -992 -97 4 12 B3
x -1166 -100 -1152 -97 4 12 A3
L -1152 784 -1152 -80 0 0 false 5 0
w -624 768 -368 768 0
x -147 477 -133 480 4 12 S0
M -208 496 -128 496 0 2.5
