$ 1 0.000005 10.20027730826997 50 5 50 5e-11
150 -992 336 -896 336 0 2 0 5
154 -992 432 -896 432 0 2 0 5
w -1056 320 -992 320 0
w -1056 352 -992 352 0
w -1056 416 -992 416 0
w -1056 448 -992 448 0
w -1088 320 -1056 320 0
w -1104 352 -1056 352 0
w -1056 352 -1056 416 0
w -1088 448 -1056 448 0
w -1088 320 -1088 448 0
w -1104 320 -1088 320 0
x -1779 199 -1586 202 4 32 somador\s5\sbit
w -720 752 -768 752 0
w -720 720 -720 752 0
w -720 656 -720 688 0
w -768 656 -720 656 0
w -1168 512 -1088 512 0
w -1088 512 -1088 736 0
w -1136 768 -1136 608 0
w -1136 768 -864 768 0
w -1088 736 -864 736 0
w -864 640 -864 608 0
w -864 608 -864 592 0
w -880 608 -864 608 0
w -896 672 -896 528 0
w -896 672 -864 672 0
w -864 576 -848 576 0
w -864 592 -864 576 0
w -848 544 -848 528 0
w -848 528 -896 528 0
w -1136 608 -1136 544 0
w -1088 512 -992 512 0
152 -720 704 -624 704 0 2 0 5
150 -864 752 -768 752 0 2 0 5
150 -864 656 -768 656 0 2 0 5
154 -848 560 -752 560 0 2 0 5
154 -992 528 -896 528 0 2 0 5
w -1168 544 -1136 544 0
w -1136 544 -992 544 0
x -355 621 -341 624 4 12 S5
M -464 640 -336 640 0 2.5
w -1136 848 -992 848 0
w -1216 848 -1136 848 0
154 -992 832 -896 832 0 2 0 5
154 -848 864 -752 864 0 2 0 5
150 -864 960 -768 960 0 2 0 5
150 -864 1056 -768 1056 0 2 0 5
152 -720 1008 -624 1008 0 2 0 5
w -1088 816 -992 816 0
w -1136 912 -1136 848 0
w -848 832 -896 832 0
w -848 848 -848 832 0
w -864 896 -864 880 0
w -864 880 -848 880 0
w -896 976 -864 976 0
w -896 976 -896 832 0
w -880 912 -864 912 0
w -864 912 -864 896 0
w -864 944 -864 912 0
w -1088 1040 -864 1040 0
w -1136 1072 -864 1072 0
w -1136 1072 -1136 912 0
w -1088 816 -1088 1040 0
w -1168 816 -1088 816 0
w -768 960 -720 960 0
w -720 960 -720 992 0
w -720 1024 -720 1056 0
w -720 1056 -768 1056 0
w -880 336 -880 608 0
w -880 336 -896 336 0
w -624 704 -624 800 0
w -624 800 -880 800 0
w -880 800 -880 912 0
M -480 688 -336 688 0 2.5
x -355 669 -341 672 4 12 S4
M -496 736 -336 736 0 2.5
x -355 717 -341 720 4 12 S3
M -384 784 -336 784 0 2.5
x -355 765 -341 768 4 12 S2
w -896 432 -448 432 0
w -448 432 -448 880 0
w -752 560 -560 560 0
w -560 560 -560 832 0
w -576 784 -384 784 0
w -752 864 -576 864 0
w -576 864 -576 784 0
w -560 832 -416 832 0
w -624 1008 -624 1104 0
w -480 1472 -480 688 0
L -1424 288 -1424 256 0 0 false 5 0
x -1438 236 -1424 239 4 12 A2
L -1392 288 -1392 256 0 0 false 5 0
x -1406 236 -1392 239 4 12 A1
L -1360 288 -1360 256 0 0 false 5 0
x -1374 236 -1360 239 4 12 A0
L -1216 288 -1216 256 0 0 false 5 0
x -1230 236 -1216 239 4 12 B2
L -1184 288 -1184 256 0 0 false 5 0
x -1198 236 -1184 239 4 12 B1
L -1152 288 -1152 256 0 0 false 5 0
x -1166 236 -1152 239 4 12 B0
w -1104 320 -1360 320 0
w -1360 288 -1360 320 0
w -1104 352 -1152 352 0
w -1152 288 -1152 352 0
w -1168 512 -1392 512 0
w -1392 288 -1392 512 0
w -1184 288 -1184 544 0
w -1184 544 -1168 544 0
w -1168 816 -1424 816 0
w -1424 288 -1424 816 0
w -1216 288 -1216 848 0
w -1168 1120 -1456 1120 0
w -624 1312 -624 1408 0
w -496 1168 -496 736 0
w -752 1168 -496 1168 0
w -880 1104 -880 1216 0
w -720 1360 -768 1360 0
w -720 1328 -720 1360 0
w -720 1264 -720 1296 0
w -768 1264 -720 1264 0
w -1168 1120 -1088 1120 0
w -1088 1120 -1088 1344 0
w -1136 1376 -1136 1216 0
w -1136 1376 -864 1376 0
w -1088 1344 -864 1344 0
w -864 1248 -864 1216 0
w -864 1216 -864 1200 0
w -880 1216 -864 1216 0
w -896 1280 -896 1136 0
w -896 1280 -864 1280 0
w -864 1184 -848 1184 0
w -864 1200 -864 1184 0
w -848 1152 -848 1136 0
w -848 1136 -896 1136 0
w -1136 1216 -1136 1152 0
w -1088 1120 -992 1120 0
152 -720 1312 -624 1312 0 2 0 5
150 -864 1360 -768 1360 0 2 0 5
150 -864 1264 -768 1264 0 2 0 5
154 -848 1168 -752 1168 0 2 0 5
154 -992 1136 -896 1136 0 2 0 5
w -1248 1152 -1136 1152 0
w -1136 1152 -992 1152 0
L -1248 1152 -1248 256 0 0 false 5 0
x -1262 236 -1248 239 4 12 B3
x -1470 236 -1456 239 4 12 A3
L -1456 1120 -1456 256 0 0 false 5 0
w -880 1104 -624 1104 0
x -355 813 -341 816 4 12 S1
M -416 832 -336 832 0 2.5
L -1488 1456 -1488 256 0 0 false 5 0
x -1502 236 -1488 239 4 12 A4
x -1294 236 -1280 239 4 12 B4
L -1280 1424 -1280 256 0 0 false 5 0
w -880 1408 -624 1408 0
w -1136 1456 -992 1456 0
w -1488 1456 -1136 1456 0
154 -992 1440 -896 1440 0 2 0 5
154 -848 1472 -752 1472 0 2 0 5
150 -864 1568 -768 1568 0 2 0 5
150 -864 1664 -768 1664 0 2 0 5
152 -720 1616 -624 1616 0 2 0 5
w -1088 1424 -992 1424 0
w -1136 1520 -1136 1456 0
w -848 1440 -896 1440 0
w -848 1456 -848 1440 0
w -864 1504 -864 1488 0
w -864 1488 -848 1488 0
w -896 1584 -864 1584 0
w -896 1584 -896 1440 0
w -880 1520 -864 1520 0
w -864 1520 -864 1504 0
w -864 1552 -864 1520 0
w -1088 1648 -864 1648 0
w -1136 1680 -864 1680 0
w -1136 1680 -1136 1520 0
w -1088 1424 -1088 1648 0
w -1280 1424 -1088 1424 0
w -768 1568 -720 1568 0
w -720 1568 -720 1600 0
w -720 1632 -720 1664 0
w -720 1664 -768 1664 0
w -880 1408 -880 1520 0
w -752 1472 -480 1472 0
w -624 1616 -464 1616 0
M -448 880 -336 880 0 2.5
x -355 861 -341 864 4 12 S0
w -464 1616 -464 640 0
